1286174261 37500510 127043531 96.0
1286174261 37500510 127043531 96.0
1286174262 37500492 127043541 96.0
1286174263 37500466 127043561 96.0
1286174264 37500438 127043579 96.0
1286174265 37500409 127043591 96.0
1286174266 37500385 127043610 96.0
1286174267 37500360 127043624 96.0
1286174268 37500331 127043638 96.0
1286174269 37500297 127043652 96.0
1286174270 37500266 127043669 96.0
1286174271 37500236 127043688 96.0
1286174273 37500198 127043713 96.0
1286174273 37500153 127043739 96.0
1286174274 37500116 127043768 96.0
1286174275 37500081 127043794 96.0
1286174276 37500039 127043808 96.0
1286174277 37500013 127043826 96.0
1286174278 37499976 127043839 96.0
1286174279 37499945 127043853 96.0
1286174280 37499915 127043868 96.0
1286174281 37499881 127043883 136.0
1286174282 37499861 127043899 136.0
1286174283 37499829 127043915 136.0
1286174284 37499799 127043930 136.0
1286174285 37499767 127043950 136.0
1286174286 37499733 127043963 136.0
1286174287 37499704 127043979 136.0
1286174289 37499651 127044002 136.0
1286174290 37499641 127044022 136.0
1286174291 37499626 127044034 136.0
1286174292 37499613 127044045 136.0
1286174293 37499601 127044059 136.0
1286174294 37499583 127044064 136.0
1286174295 37499567 127044071 136.0
1286174296 37499550 127044086 136.0
1286174297 37499522 127044089 136.0
1286174298 37499504 127044098 136.0
1286174299 37499485 127044110 136.0
1286174300 37499459 127044121 136.0
1286174301 37499438 127044125 136.0
1286174302 37499422 127044124 136.0
1286174303 37499408 127044118 136.0
1286174304 37499407 127044123 136.0
1286174305 37499398 127044121 136.0
1286174306 37499399 127044119 136.0
1286174307 37499392 127044116 136.0
1286174308 37499393 127044116 136.0
1286174309 37499386 127044113 136.0
1286174310 37499397 127044122 136.0
1286174311 37499399 127044125 136.0
1286174312 37499395 127044127 136.0
1286174313 37499393 127044130 136.0
1286174314 37499399 127044133 136.0
1286174315 37499389 127044132 136.0
1286174316 37499389 127044141 136.0
1286174317 37499395 127044152 136.0
1286174318 37499393 127044152 136.0
1286174319 37499397 127044150 136.0
1286174320 37499392 127044145 136.0
1286174321 37499388 127044141 136.0
1286174322 37499393 127044140 136.0
1286174324 37499394 127044135 136.0
1286174324 37499390 127044130 136.0
1286174325 37499381 127044126 136.0
1286174326 37499379 127044124 136.0
1286174327 37499378 127044121 136.0
1286174328 37499373 127044119 136.0
1286174329 37499368 127044120 136.0
1286174330 37499362 127044117 136.0
1286174331 37499367 127044119 136.0
1286174332 37499359 127044120 136.0
1286174333 37499356 127044119 136.0
1286174334 37499362 127044124 136.0
1286174335 37499375 127044132 136.0
1286174336 37499375 127044131 136.0
1286174337 37499383 127044136 136.0
1286174338 37499382 127044132 136.0
1286174339 37499379 127044131 136.0
1286174340 37499379 127044129 136.0
1286174341 37499383 127044128 136.0
1286174342 37499395 127044132 136.0
1286174343 37499403 127044132 136.0
1286174344 37499411 127044130 136.0
1286174345 37499419 127044132 136.0
1286174346 37499420 127044132 136.0
1286174347 37499422 127044133 136.0
1286174348 37499422 127044133 136.0
1286174349 37499421 127044133 136.0
1286174350 37499421 127044133 136.0
1286174351 37499422 127044133 136.0
1286174352 37499422 127044133 136.0
1286174353 37499422 127044133 136.0
1286174354 37499424 127044134 136.0
1286174355 37499423 127044134 136.0
1286174356 37499423 127044134 136.0
1286174357 37499423 127044134 136.0
1286174358 37499423 127044134 136.0
1286174359 37499423 127044134 136.0
1286174360 37499423 127044134 136.0
1286174361 37499423 127044134 136.0
1286174362 37499423 127044134 136.0
1286174363 37499422 127044134 136.0
1286174364 37499422 127044134 136.0
1286174365 37499422 127044134 136.0
1286174366 37499422 127044134 136.0
1286174367 37499422 127044134 136.0
1286174368 37499422 127044134 136.0
1286174369 37499422 127044134 136.0
1286174370 37499422 127044134 136.0
1286174371 37499422 127044134 136.0
1286174372 37499422 127044134 136.0
1286174373 37499421 127044133 136.0
1286174374 37499421 127044134 136.0
1286174375 37499421 127044134 136.0
1286174376 37499421 127044134 136.0
1286174377 37499421 127044134 136.0
1286174378 37499422 127044134 136.0
1286174379 37499422 127044134 136.0
1286174380 37499422 127044134 136.0
1286174381 37499423 127044134 136.0
1286174382 37499423 127044134 136.0
1286174383 37499423 127044134 136.0
1286174384 37499422 127044134 136.0
1286174385 37499422 127044134 136.0
1286174386 37499422 127044134 136.0
1286174387 37499488 127044200 136.0
1286174388 37499471 127044207 136.0
1286174389 37499451 127044219 136.0
1286174390 37499432 127044229 136.0
1286174391 37499415 127044236 136.0
1286174392 37499395 127044248 136.0
1286174393 37499370 127044261 136.0
1286174394 37499332 127044273 136.0
1286174395 37499296 127044292 136.0
1286174396 37499265 127044313 136.0
1286174397 37499221 127044340 136.0
1286174398 37499182 127044367 136.0
1286174399 37499131 127044397 136.0
1286174400 37499086 127044428 136.0
1286174401 37499011 127044459 136.0
1286174402 37498940 127044512 136.0
1286174403 37498854 127044559 136.0
1286174404 37498774 127044608 95.0
1286174405 37498687 127044662 95.0
1286174406 37498602 127044717 95.0
1286174407 37498527 127044774 95.0
1286174408 37498446 127044824 54.0
1286174409 37498337 127044874 126.0
1286174410 37498250 127044922 126.0
1286174411 37498159 127044969 126.0
1286174412 37498027 127045006 126.0
1286174413 37497931 127045045 124.0
1286174415 37497838 127045085 124.0
1286174415 37497744 127045124 124.0
1286174416 37497723 127045201 124.0
1286174417 37497651 127045250 124.0
1286174418 37497577 127045299 124.0
1286174419 37497496 127045365 124.0
1286174420 37497421 127045418 124.0
1286174421 37497347 127045470 124.0
1286174422 37497214 127045500 124.0
1286174423 37497123 127045545 124.0
1286174424 37497032 127045587 124.0
1286174425 37496973 127045638 124.0
1286174426 37496894 127045686 124.0
1286174427 37496812 127045728 124.0
1286174428 37496735 127045773 124.0
1286174429 37496641 127045809 124.0
1286174430 37496564 127045818 124.0
1286174431 37496499 127045850 124.0
1286174432 37496421 127045883 124.0
1286174433 37496335 127045917 124.0
1286174434 37496216 127045971 124.0
1286174435 37496116 127046009 124.0
1286174436 37495988 127046079 124.0
1286174437 37495889 127046127 124.0
1286174438 37495790 127046174 124.0
1286174439 37495672 127046222 124.0
1286174440 37495648 127046362 124.0
1286174441 37495571 127046435 124.0
1286174442 37495450 127046491 124.0
1286174443 37495358 127046558 124.0
1286174445 37495247 127046634 124.0
1286174445 37495150 127046722 124.0
1286174446 37494998 127046791 124.0
1286174447 37494893 127046871 124.0
1286174448 37494794 127046908 124.0
1286174449 37494634 127046894 124.0
1286174450 37494525 127046943 124.0
1286174451 37494415 127046987 124.0
1286174452 37494324 127047038 124.0
1286174453 37494221 127047071 124.0
1286174454 37494101 127047114 124.0
1286174455 37494013 127047144 124.0
1286174456 37493887 127047144 124.0
1286174457 37493796 127047172 124.0
1286174458 37493753 127047247 124.0
1286174459 37493663 127047272 124.0
1286174460 37493575 127047309 124.0
1286174461 37493492 127047329 124.0
1286174462 37493411 127047357 124.0
1286174463 37493356 127047403 124.0
1286174464 37493285 127047418 124.0
1286174465 37493240 127047460 124.0
1286174466 37493175 127047489 124.0
1286174467 37493107 127047513 124.0
1286174468 37493062 127047498 124.0
1286174469 37493023 127047498 124.0
1286174470 37492970 127047486 124.0
1286174471 37492940 127047460 124.0
1286174472 37492977 127047498 124.0
1286174473 37492926 127047502 124.0
1286174474 37492901 127047511 124.0
1286174475 37492845 127047521 124.0
1286174476 37492845 127047556 124.0
1286174477 37492817 127047577 124.0
1286174478 37492780 127047629 124.0
1286174479 37492718 127047683 124.0
1286174480 37492650 127047726 124.0
1286174481 37492600 127047772 124.0
1286174482 37492552 127047817 124.0
1286174483 37492501 127047838 124.0
1286174484 37492455 127047872 124.0
1286174485 37492409 127047906 124.0
1286174610 37489726 127049036 124.0
1286174611 37489688 127049027 124.0
1286174612 37489643 127049056 124.0
1286174613 37489635 127049056 124.0
1286174614 37489629 127049054 124.0
1286174615 37489594 127049042 124.0
1286174616 37489599 127049043 124.0
1286174617 37489626 127049045 124.0
1286174618 37489624 127049034 124.0
1286174618 37489610 127049019 124.0
1286174619 37489666 127049071 124.0
1286174620 37489689 127049114 124.0
1286174621 37489708 127049120 124.0
1286174622 37489718 127049123 124.0
1286174623 37489725 127049130 124.0
1286174624 37489707 127049102 124.0
1286174625 37489709 127049077 124.0
1286174626 37489717 127049071 124.0
1286174627 37489690 127049062 124.0
1286174628 37489709 127049072 124.0
1286174629 37489716 127049074 124.0
1286174630 37489715 127049055 124.0
1286174631 37489712 127049063 124.0
1286174632 37489715 127049066 124.0
1286174633 37489715 127049052 124.0
1286174634 37489713 127049052 124.0
1286174635 37489701 127049031 124.0
1286174636 37489707 127049037 124.0
1286174637 37489713 127049040 124.0
1286174638 37489725 127049046 124.0
1286174639 37489729 127049043 124.0
1286174640 37489734 127049069 124.0
1286174641 37489733 127049070 124.0
1286174642 37489741 127049073 124.0
1286174643 37489744 127049073 124.0
1286174644 37489749 127049073 124.0
1286174645 37489756 127049085 124.0
1286174646 37489737 127049066 124.0
1286174647 37489738 127049068 124.0
1286174648 37489741 127049065 124.0
1286174649 37489728 127049046 124.0
1286174650 37489724 127049044 124.0
1286174651 37489722 127049052 124.0
1286174652 37489711 127049046 124.0
1286174653 37489713 127049026 124.0
1286174654 37489708 127049024 124.0
1286174655 37489732 127049069 124.0
1286174656 37489734 127049070 124.0
1286174657 37489731 127049076 124.0
1286174658 37489767 127049109 124.0
1286174659 37489760 127049109 124.0
1286174660 37489757 127049104 124.0
1286174661 37489758 127049106 124.0
1286174662 37489770 127049125 124.0
1286174663 37489777 127049119 124.0
1286174664 37489785 127049119 124.0
1286174665 37489788 127049115 124.0
1286174666 37489792 127049126 124.0
1286174667 37489779 127049125 124.0
1286174669 37489784 127049124 124.0
1286174670 37489824 127049154 124.0
1286174671 37489791 127049108 124.0
1286174672 37489813 127049116 124.0
1286174673 37489766 127049096 124.0
1286174674 37489770 127049103 124.0
1286174675 37489741 127049094 124.0
1286174676 37489737 127049102 124.0
1286174677 37489718 127049106 124.0
1286174678 37489706 127049126 124.0
1286174679 37489687 127049161 124.0
1286174680 37489628 127049146 124.0
1286174681 37489594 127049179 124.0
1286174682 37489532 127049201 124.0
1286174683 37489480 127049229 124.0
1286174684 37489440 127049263 124.0
1286174685 37489364 127049268 124.0
1286174686 37489273 127049271 124.0
1286174687 37489211 127049310 124.0
1286174688 37489141 127049346 124.0
1286174689 37489071 127049394 124.0
1286174690 37489002 127049434 124.0
1286174691 37488927 127049473 124.0
1286174692 37488849 127049506 124.0
1286174693 37488825 127049577 124.0
1286174694 37488769 127049624 124.0
1286174695 37488715 127049677 124.0
1286174696 37488661 127049719 124.0
1286174697 37488630 127049792 124.0
1286174698 37488588 127049831 124.0
1286174699 37488526 127049874 124.0
1286174700 37488483 127049919 124.0
1286174701 37488430 127049957 124.0
1286174702 37488412 127050015 124.0
1286174703 37488349 127050047 165.0
1286174704 37488306 127050102 165.0
1286174705 37488276 127050137 165.0
1286174706 37488200 127050157 165.0
1286174707 37488148 127050199 165.0
1286174708 37488161 127050314 165.0
1286174709 37488106 127050365 124.0
1286174710 37488028 127050419 124.0
1286174711 37487963 127050472 124.0
1286174712 37487861 127050502 124.0
1286174713 37487816 127050603 124.0
1286174714 37487732 127050651 124.0
1286174715 37487659 127050708 124.0
1286174716 37487583 127050757 124.0
1286174717 37487489 127050802 124.0
1286174718 37487400 127050851 124.0
1286174719 37487314 127050892 124.0
1286174720 37487241 127050915 124.0
1286174721 37487188 127050983 124.0
1286174722 37487102 127051026 124.0
1286174723 37487024 127051055 124.0
1286174724 37486934 127051088 124.0
1286174725 37486866 127051126 124.0
1286174726 37486804 127051161 124.0
1286174727 37486708 127051161 124.0
1286174728 37486585 127051117 124.0
1286174729 37486515 127051139 124.0
1286174730 37486446 127051160 124.0
1286174731 37486391 127051169 124.0
1286174732 37486321 127051183 124.0
1286174733 37486223 127051180 124.0
1286174734 37486152 127051193 124.0
1286174735 37486067 127051197 124.0
1286174736 37485975 127051210 124.0
1286174737 37485903 127051224 124.0
1286174738 37485818 127051204 164.0
1286174739 37485726 127051176 204.0
1286174740 37485649 127051136 204.0
1286174741 37485577 127051121 204.0
1286174742 37485543 127051069 204.0
1286174743 37485490 127051033 204.0
1286174744 37485436 127050995 244.0
1286174745 37485380 127050949 244.0
1286174746 37485325 127050890 244.0
1286174747 37485272 127050835 244.0
1286174748 37485231 127050770 244.0
1286174749 37485164 127050685 244.0
1286174750 37485115 127050624 244.0
1286174751 37484954 127050543 244.0
1286174752 37484878 127050416 244.0
1286174753 37484806 127050288 244.0
1286174754 37484731 127050168 244.0
1286174755 37484659 127050060 244.0
1286174756 37484616 127049973 244.0
1286174757 37484584 127049890 244.0
1286174758 37484533 127049808 244.0
1286174759 37484503 127049742 244.0
1286174760 37484476 127049684 244.0
1286174761 37484442 127049630 244.0
1286174762 37484426 127049571 244.0
1286174763 37484395 127049521 244.0
1286174764 37484361 127049483 244.0
1286174765 37484331 127049450 244.0
1286174766 37484317 127049401 244.0
1286174767 37484305 127049353 244.0
1286174768 37484270 127049306 244.0
1286174769 37484220 127049245 244.0
1286174770 37484177 127049184 244.0
1286174771 37484143 127049124 244.0
1286174772 37484100 127049059 244.0
1286174773 37484044 127049002 244.0
1286174774 37483999 127048933 244.0
1286174775 37483960 127048857 244.0
1286174776 37483921 127048784 244.0
1286174777 37483879 127048713 244.0
1286174778 37483840 127048651 244.0
1286174779 37483792 127048593 244.0
1286174780 37483751 127048520 244.0
1286174781 37483703 127048459 244.0
1286174782 37483659 127048395 244.0
1286174783 37483616 127048335 244.0
1286174784 37483576 127048279 244.0
1286174785 37483544 127048215 244.0
1286174786 37483510 127048155 244.0
1286174787 37483482 127048105 244.0
1286174788 37483458 127048077 244.0
1286174789 37483419 127048023 244.0
1286174790 37483377 127047967 244.0
1286174791 37483333 127047906 244.0
1286174792 37483285 127047840 244.0
1286174793 37483235 127047764 244.0
1286174794 37483196 127047673 244.0
1286174795 37483147 127047591 244.0
1286174796 37483099 127047511 244.0
1286174797 37483059 127047424 244.0
1286174798 37483012 127047342 244.0
1286174799 37482970 127047271 244.0
1286174800 37482923 127047194 244.0
1286174801 37482873 127047119 244.0
1286174802 37482823 127047046 244.0
1286174803 37482767 127046967 244.0
1286174804 37482716 127046882 244.0
1286174805 37482662 127046800 244.0
1286174806 37482603 127046725 244.0
1286174807 37482550 127046650 244.0
1286174808 37482507 127046568 244.0
1286174809 37482450 127046517 244.0
1286174810 37482423 127046451 244.0
1286174811 37482387 127046404 244.0
1286174812 37482397 127046366 244.0
1286174813 37482362 127046312 244.0
1286174814 37482319 127046272 244.0
1286174815 37482289 127046226 244.0
1286174816 37482253 127046184 244.0
1286174817 37482232 127046127 244.0
1286174818 37482193 127046078 244.0
1286174819 37482146 127046039 244.0
1286174820 37482107 127045998 244.0
1286174821 37482067 127045953 244.0
1286174822 37482065 127045899 244.0
1286174823 37482051 127045870 244.0
1286174824 37482019 127045830 244.0
1286174825 37482004 127045767 244.0
1286174826 37481982 127045731 244.0
1286174827 37481960 127045695 244.0
1286174828 37481937 127045666 244.0
1286174829 37481912 127045639 244.0
1286174830 37481894 127045624 244.0
1286174831 37481880 127045595 244.0
1286174832 37481854 127045580 244.0
1286174833 37481809 127045559 244.0
1286174834 37481789 127045512 244.0
1286174835 37481745 127045490 244.0
1286174836 37481715 127045446 244.0
1286174837 37481699 127045374 288.0
1286174838 37481688 127045295 288.0
1286174839 37481653 127045247 288.0
1286174840 37481645 127045184 288.0
1286174841 37481633 127045125 288.0
1286174843 37481562 127045021 288.0
1286174844 37481509 127044957 288.0
1286174845 37481464 127044903 288.0
1286174846 37481435 127044836 288.0
1286174847 37481385 127044777 288.0
1286174848 37481317 127044719 288.0
1286174849 37481264 127044638 288.0
1286174850 37481217 127044553 288.0
1286174851 37481166 127044448 288.0
1286174852 37481119 127044355 246.0
1286174853 37481077 127044233 246.0
1286174854 37481028 127044145 246.0
1286174855 37480969 127044065 246.0
1286174856 37480909 127043984 246.0
1286174857 37480851 127043900 246.0
1286174858 37480807 127043893 246.0
1286174859 37480752 127043838 246.0
1286174860 37480696 127043783 254.0
1286174869 37480133 127043212 254.0
1286174870 37480036 127043153 254.0
1286174871 37479955 127043117 254.0
1286174872 37479886 127043075 254.0
1286174873 37479825 127043044 254.0
1286174874 37479766 127043002 254.0
1286174875 37479712 127042958 254.0
1286174876 37479660 127042921 254.0
1286174877 37479617 127042879 254.0
1286174878 37479570 127042833 254.0
1286174879 37479501 127042815 254.0
1286174880 37479454 127042791 254.0
1286174881 37479409 127042760 254.0
1286174882 37479369 127042725 254.0
1286174883 37479337 127042684 254.0
1286174884 37479291 127042655 254.0
1286174885 37479248 127042623 254.0
1286174886 37479214 127042582 254.0
1286174887 37479171 127042528 254.0
1286174888 37479139 127042496 254.0
1286174889 37479124 127042430 254.0
1286174890 37479109 127042374 254.0
1286174891 37479077 127042331 254.0
1286174892 37479039 127042308 254.0
1286174893 37479006 127042279 254.0
1286174894 37478973 127042248 254.0
1286174895 37478921 127042202 254.0
1286174896 37478872 127042143 254.0
1286174897 37478835 127042095 254.0
1286174898 37478781 127042070 254.0
1286174899 37478735 127042031 254.0
1286174900 37478694 127041992 254.0
1286174901 37478558 127041975 254.0
1286174902 37478485 127041906 254.0
1286174903 37478436 127041863 254.0
1286174904 37478424 127041828 254.0
1286174905 37478396 127041819 254.0
1286174906 37478388 127041801 254.0
1286174907 37478347 127041769 254.0
1286174908 37478329 127041721 254.0
1286174909 37478301 127041687 254.0
1286174910 37478258 127041652 254.0
1286174911 37478210 127041618 254.0
1286174912 37478190 127041591 254.0
1286174913 37478158 127041556 254.0
1286174914 37478122 127041532 254.0
1286174915 37478074 127041508 254.0
1286174916 37478013 127041460 254.0
1286174917 37477976 127041436 254.0
1286174918 37477914 127041380 254.0
1286174919 37477855 127041326 254.0
1286174920 37477802 127041273 254.0
1286174921 37477733 127041234 254.0
1286174922 37477660 127041159 254.0
1286174923 37477584 127041084 254.0
1286174924 37477510 127041035 254.0
1286174925 37477455 127040975 254.0
1286174926 37477400 127040922 254.0
1286174927 37477350 127040887 254.0
1286174928 37477295 127040844 254.0
1286174929 37477224 127040780 254.0
1286174930 37477170 127040734 254.0
1286174931 37477110 127040684 254.0
1286174932 37477061 127040642 254.0
1286174933 37477024 127040609 254.0
1286174934 37476958 127040550 254.0
1286174935 37476894 127040491 254.0
1286174936 37476842 127040444 254.0
1286174937 37476789 127040403 254.0
1286174938 37476743 127040371 254.0
1286174939 37476692 127040329 254.0
1286174940 37476647 127040282 254.0
1286174941 37476603 127040238 254.0
1286174942 37476546 127040186 254.0
1286174943 37476476 127040144 254.0
1286174944 37476419 127040092 254.0
1286174945 37476363 127040060 254.0
1286174946 37476312 127040000 254.0
1286174947 37476258 127039955 254.0
1286174948 37476200 127039908 254.0
1286174949 37476145 127039855 254.0
1286174950 37476074 127039798 254.0
1286174951 37475991 127039718 254.0
1286174952 37475958 127039689 254.0
1286174953 37475896 127039658 204.0
1286174954 37475840 127039637 204.0
1286174955 37475775 127039606 204.0
1286174956 37475691 127039575 204.0
1286174957 37475615 127039535 204.0
1286174958 37475540 127039482 245.0
1286174959 37475445 127039409 245.0
1286174960 37475380 127039342 245.0
1286174961 37475310 127039250 245.0
1286174962 37475244 127039157 245.0
1286174963 37475190 127039059 286.0
1286174964 37475136 127038963 286.0
1286174965 37475081 127038866 286.0
1286174966 37475035 127038751 286.0
1286174967 37474982 127038645 286.0
1286174968 37474929 127038539 286.0
1286174969 37474876 127038433 286.0
1286174970 37474860 127038334 286.0
1286174971 37474840 127038244 286.0
1286174972 37474842 127038124 286.0
1286174973 37474827 127037991 286.0
1286174974 37474804 127037882 286.0
1286174975 37474797 127037799 286.0
1286174976 37474800 127037711 286.0
1286174977 37474800 127037643 286.0
1286174978 37474844 127037581 286.0
1286174979 37474905 127037499 286.0
1286174980 37474918 127037449 326.0
1286174981 37474926 127037408 326.0
1286174982 37474928 127037361 326.0
1286174983 37474912 127037332 326.0
1286174984 37474892 127037268 285.0
1286174986 37474856 127037207 285.0
1286174987 37474808 127037079 285.0
1286174988 37474762 127037012 285.0
1286174989 37474724 127036942 285.0
1286174995 37474613 127036788 285.0
1286174997 37474347 127036374 285.0
1286174998 37474254 127036228 285.0
1286174999 37474201 127036158 285.0
1286175000 37474150 127036090 285.0
1286175001 37474100 127036020 285.0
1286175002 37474074 127035940 285.0
1286175003 37474032 127035873 285.0
1286175004 37474005 127035804 285.0
1286175005 37473979 127035755 285.0
1286175006 37473949 127035702 285.0
1286175007 37473953 127035633 285.0
1286175008 37473953 127035549 285.0
1286175009 37473949 127035471 285.0
1286175010 37473960 127035371 285.0
1286175011 37473970 127035278 285.0
1286175012 37473976 127035197 285.0
1286175013 37474006 127035129 285.0
1286175014 37474038 127035068 285.0
1286175015 37474035 127035004 285.0
1286175016 37474042 127034937 285.0
1286175017 37474022 127034844 285.0
1286175018 37474037 127034798 285.0
1286175019 37474047 127034699 285.0
1286175020 37474087 127034666 285.0
1286175021 37474055 127034546 285.0
1286175022 37473983 127034416 285.0
1286175023 37473915 127034266 285.0
1286175024 37473835 127034104 285.0
1286175025 37473764 127033948 285.0
1286175026 37473646 127033782 285.0
1286175027 37473543 127033623 285.0
1286175028 37473434 127033456 285.0
1286175029 37473333 127033306 285.0
1286175030 37473256 127033172 285.0
1286175031 37473183 127033050 285.0
1286175032 37473104 127032924 285.0
1286175033 37473034 127032825 285.0
1286175034 37472949 127032712 245.0
1286175035 37472858 127032632 245.0
1286175036 37472783 127032552 245.0
1286175037 37472708 127032469 245.0
1286175038 37472647 127032395 245.0
1286175039 37472602 127032320 245.0
1286175040 37472545 127032241 245.0
1286175041 37472499 127032179 245.0
1286175042 37472466 127032124 245.0
1286175043 37472439 127032068 288.0
1286175044 37472423 127032018 288.0
1286175045 37472429 127031983 330.0
1286175046 37472468 127031947 330.0
1286175047 37472520 127031890 330.0
1286175048 37472586 127031831 330.0
1286175049 37472644 127031768 330.0
1286175050 37472706 127031705 330.0
1286175051 37472771 127031649 330.0
1286175052 37472840 127031593 330.0
1286175053 37472911 127031531 330.0
1286175054 37472982 127031465 330.0
1286175055 37473053 127031401 330.0
1286175056 37473112 127031346 330.0
1286175057 37473170 127031294 330.0
1286175058 37473215 127031254 330.0
1286175059 37473255 127031220 330.0
1286175060 37473279 127031195 330.0
1286175061 37473308 127031168 330.0
1286175062 37473335 127031141 330.0
1286175063 37473366 127031114 330.0
1286175064 37473397 127031082 330.0
1286175065 37473429 127031052 330.0
1286175066 37473452 127031029 330.0
1286175067 37473470 127031017 330.0
1286175068 37473484 127031002 330.0
1286175069 37473503 127030984 330.0
1286175070 37473523 127030957 330.0
1286175071 37473544 127030938 330.0
1286175072 37473560 127030924 330.0
1286175073 37473570 127030914 330.0
1286175074 37473581 127030908 330.0
1286175075 37473588 127030900 330.0
1286175076 37473593 127030897 330.0
1286175077 37473597 127030893 330.0
1286175078 37473599 127030894 0.0
1286175079 37473604 127030892 0.0
1286175080 37473608 127030892 359.0
1286175081 37473613 127030892 359.0
1286175082 37473611 127030891 359.0
1286175083 37473607 127030890 359.0
1286175084 37473607 127030888 359.0
1286175085 37473609 127030889 0.0
1286175086 37473612 127030890 0.0
1286175087 37473613 127030889 0.0
1286175088 37473613 127030889 0.0
1286175089 37473615 127030888 0.0
1286175090 37473616 127030886 0.0
1286175091 37473624 127030879 0.0
1286175092 37473642 127030866 0.0
1286175093 37473666 127030848 0.0
1286175094 37473693 127030819 358.0
1286175095 37473729 127030782 358.0
1286175096 37473771 127030745 358.0
1286175097 37473807 127030709 358.0
1286175098 37473846 127030665 358.0
1286175099 37473892 127030619 358.0
1286175100 37473947 127030564 358.0
1286175101 37474004 127030506 358.0
1286175102 37474074 127030433 358.0
1286175103 37474149 127030360 358.0
1286175104 37474233 127030283 358.0
1286175105 37474343 127030195 358.0
1286175106 37474444 127030111 358.0
1286175107 37474546 127030031 358.0
1286175108 37474647 127029949 358.0
1286175109 37474752 127029873 358.0
1286175110 37474853 127029794 358.0
1286175111 37474951 127029723 358.0
1286175112 37475059 127029662 358.0
1286175113 37475166 127029602 358.0
1286175114 37475266 127029544 0.0
1286175115 37475367 127029490 359.0
1286175116 37475466 127029436 359.0
1286175117 37475555 127029386 359.0
1286175118 37475640 127029346 359.0
1286175119 37475725 127029301 0.0
1286175120 37475817 127029251 358.0
1286175121 37475901 127029206 359.0
1286175122 37475987 127029162 359.0
1286175123 37476071 127029117 1.0
1286175124 37476156 127029071 358.0
1286175125 37476255 127029036 1.0
1286175126 37476347 127029005 358.0
1286175127 37476428 127028973 0.0
1286175128 37476512 127028941 359.0
1286175129 37476596 127028905 0.0
1286175130 37476673 127028878 2.0
1286175131 37476743 127028850 3.0
1286175132 37476830 127028816 3.0
1286175133 37476905 127028785 2.0
1286175134 37476981 127028752 0.0
1286175135 37477052 127028722 0.0
1286175136 37477129 127028691 2.0
1286175137 37477189 127028672 1.0
1286175138 37477258 127028645 1.0
1286175139 37477340 127028616 1.0
1286175140 37477423 127028582 1.0
1286175141 37477512 127028542 1.0
1286175142 37477599 127028503 1.0
1286175143 37477667 127028456 1.0
1286175144 37477750 127028413 1.0
1286175145 37477839 127028379 1.0
1286175146 37477940 127028346 359.0
1286175147 37478044 127028311 1.0
1286175148 37478174 127028266 1.0
1286175149 37478290 127028216 359.0
1286175150 37478407 127028161 358.0
1286175151 37478531 127028107 358.0
1286175152 37478674 127028041 3.0
1286175153 37478816 127027981 3.0
1286175154 37478958 127027926 3.0
1286175155 37479111 127027860 358.0
1286175156 37479259 127027792 0.0
1286175157 37479402 127027727 0.0
1286175158 37479552 127027668 3.0
1286175159 37479684 127027603 359.0
1286175160 37479832 127027558 2.0
1286175161 37479978 127027516 3.0
1286175162 37480117 127027470 3.0
1286175163 37480256 127027426 3.0
1286175164 37480403 127027383 3.0
1286175165 37480543 127027340 3.0
1286175166 37480682 127027294 359.0
1286175167 37480811 127027241 0.0
1286175168 37480949 127027192 0.0
1286175169 37481094 127027146 0.0
1286175170 37481238 127027100 1.0
1286175171 37481381 127027054 1.0
1286175172 37481527 127027012 1.0
1286175173 37481665 127026978 1.0
1286175174 37481812 127026954 358.0
1286175175 37481946 127026945 4.0
1286175176 37482066 127026929 4.0
1286175177 37482194 127026921 4.0
1286175178 37482295 127026926 4.0
1286175179 37482407 127027008 4.0
1286175180 37482497 127027039 4.0
1286175181 37482564 127027101 4.0
1286175182 37482638 127027183 4.0
1286175183 37482717 127027255 4.0
1286175184 37482797 127027329 4.0
1286175185 37482879 127027403 4.0
1286175186 37482957 127027479 4.0
1286175187 37483037 127027550 4.0
1286175188 37483109 127027627 4.0
1286175189 37483175 127027707 4.0
1286175190 37483227 127027777 4.0
1286175191 37483277 127027843 4.0
1286175192 37483338 127027911 4.0
1286175193 37483393 127027989 4.0
1286175194 37483432 127028064 46.0
1286175195 37483471 127028144 46.0
1286175196 37483502 127028235 46.0
1286175197 37483538 127028342 46.0
1286175198 37483564 127028450 46.0
1286175199 37483586 127028545 46.0
1286175200 37483606 127028636 46.0
1286175201 37483636 127028723 46.0
1286175202 37483667 127028827 46.0
1286175203 37483688 127028931 46.0
1286175204 37483708 127029046 46.0
1286175205 37483731 127029171 46.0
1286175206 37483753 127029315 46.0
1286175207 37483777 127029460 46.0
1286175208 37483803 127029629 46.0
1286175209 37483825 127029817 46.0
1286175210 37483851 127029993 46.0
1286175211 37483878 127030175 46.0
1286175212 37483901 127030361 46.0
1286175213 37483925 127030542 46.0
1286175214 37483949 127030720 46.0
1286175215 37483972 127030892 46.0
1286175216 37483995 127031059 46.0
1286175217 37484016 127031224 46.0
1286175218 37484043 127031384 46.0
1286175219 37484067 127031537 46.0
1286175220 37484086 127031687 46.0
1286175221 37484104 127031831 46.0
1286175222 37484123 127031969 46.0
1286175223 37484139 127032086 46.0
1286175224 37484151 127032187 46.0
1286175225 37484162 127032279 46.0
1286175226 37484174 127032368 46.0
1286175227 37484186 127032450 46.0
1286175228 37484200 127032534 46.0
1286175229 37484213 127032608 46.0
1286175230 37484226 127032670 46.0
1286175231 37484236 127032723 46.0
1286175232 37484250 127032776 46.0
1286175233 37484250 127032816 46.0
1286175234 37484256 127032856 46.0
1286175235 37484260 127032894 46.0
1286175236 37484260 127032921 46.0
1286175237 37484263 127032945 46.0
1286175238 37484267 127032973 46.0
1286175239 37484253 127032981 46.0
1286175240 37484250 127032994 46.0
1286175241 37484242 127033003 46.0
1286175242 37484236 127033009 46.0
1286175243 37484240 127033007 46.0
1286175244 37484242 127033014 46.0
1286175245 37484235 127033014 46.0
1286175246 37484233 127033026 46.0
1286175247 37484227 127033056 46.0
1286175248 37484197 127033080 46.0
1286175249 37484210 127033134 46.0
1286175250 37484208 127033180 46.0
1286175251 37484205 127033226 46.0
1286175252 37484218 127033289 46.0
1286175253 37484244 127033365 46.0
1286175254 37484303 127033466 46.0
1286175255 37484368 127033580 46.0
1286175256 37484409 127033676 46.0
1286175257 37484440 127033752 46.0
1286175258 37484486 127033824 46.0
1286175259 37484538 127033887 46.0
1286175260 37484591 127033943 46.0
1286175261 37484650 127033932 4.0
1286175262 37484721 127033879 359.0
1286175263 37484813 127033850 359.0
1286175264 37484909 127033813 359.0
1286175265 37485015 127033769 359.0
1286175266 37485128 127033726 359.0
1286175267 37485256 127033689 359.0
1286175268 37485375 127033647 359.0
1286175269 37485494 127033600 359.0
1286175270 37485605 127033552 359.0
1286175271 37485718 127033506 359.0
1286175272 37485830 127033456 359.0
1286175273 37485926 127033415 359.0
1286175274 37486007 127033383 359.0
1286175275 37486090 127033348 359.0
1286175276 37486164 127033317 359.0
1286175277 37486228 127033289 359.0
1286175278 37486295 127033268 359.0
1286175279 37486346 127033255 359.0
1286175280 37486374 127033257 359.0
1286175281 37486398 127033256 359.0
1286175282 37486413 127033252 359.0
1286175283 37486423 127033244 359.0
1286175284 37486440 127033237 359.0
1286175287 37486451 127033201 359.0
1286175289 37486447 127033182 359.0
1286175290 37486454 127033177 359.0
1286175291 37486479 127033175 359.0
1286175292 37486504 127033166 359.0
1286175293 37486534 127033155 359.0
1286175294 37486573 127033137 359.0
1286175295 37486622 127033108 359.0
1286175296 37486676 127033082 359.0
1286175297 37486734 127033053 359.0
1286175298 37486796 127033025 359.0
1286175299 37486855 127032993 359.0
1286175300 37486917 127032954 359.0
1286175301 37486996 127032912 359.0
1286175302 37487109 127032895 359.0
1286175303 37487222 127032862 359.0
1286175304 37487327 127032819 359.0
1286175305 37487426 127032776 359.0
1286175306 37487524 127032732 359.0
1286175307 37487623 127032690 359.0
1286175308 37487722 127032646 359.0
1286175309 37487818 127032600 359.0
1286175310 37487921 127032554 359.0
1286175311 37488028 127032508 359.0
1286175312 37488129 127032462 359.0
1286175313 37488239 127032421 359.0
1286175314 37488335 127032377 359.0
1286175315 37488418 127032331 354.0
1286175316 37488492 127032292 354.0
1286175317 37488550 127032262 354.0
1286175318 37488604 127032231 354.0
1286175319 37488661 127032208 354.0
1286175320 37488708 127032189 354.0
1286175321 37488750 127032172 354.0
1286175322 37488784 127032154 354.0
1286175323 37488800 127032151 354.0
1286175324 37488801 127032139 354.0
1286175325 37488809 127032134 354.0
1286175326 37488820 127032129 354.0
1286175327 37488835 127032126 354.0
1286175328 37488850 127032125 354.0
1286175329 37488838 127032120 354.0
1286175330 37488841 127032122 354.0
1286175331 37488838 127032132 354.0
1286175332 37488847 127032140 354.0
1286175333 37488859 127032144 354.0
1286175334 37488864 127032141 354.0
1286175335 37488865 127032146 354.0
1286175336 37488859 127032152 354.0
1286175337 37488867 127032163 354.0
1286175338 37488870 127032168 354.0
1286175339 37488875 127032170 354.0
1286175340 37488895 127032173 354.0
1286175341 37488919 127032162 354.0
1286175342 37489052 127032164 354.0
1286175343 37489124 127032135 354.0
1286175344 37489169 127032102 354.0
1286175345 37489200 127032052 354.0
1286175346 37489230 127032034 354.0
1286175347 37489255 127032015 354.0
1286175348 37489276 127032010 354.0
1286175349 37489305 127032002 354.0
1286175350 37489336 127031995 354.0
1286175351 37489381 127031983 354.0
1286175352 37489430 127031968 354.0
1286175353 37489478 127031936 354.0
1286175354 37489524 127031907 354.0
1286175355 37489562 127031885 354.0
1286175356 37489596 127031873 354.0
1286175357 37489614 127031866 2.0
1286175358 37489624 127031867 3.0
1286175359 37489632 127031866 3.0
1286175360 37489638 127031875 3.0
1286175361 37489643 127031894 3.0
1286175362 37489643 127031909 3.0
1286175363 37489646 127031931 47.0
1286175364 37489649 127032023 47.0
1286175365 37489677 127032108 47.0
1286175366 37489697 127032219 47.0
1286175367 37489723 127032293 47.0
1286175368 37489748 127032366 47.0
1286175369 37489775 127032423 47.0
1286175370 37489786 127032472 47.0
1286175371 37489807 127032522 47.0
1286175372 37489817 127032552 47.0
1286175373 37489835 127032597 47.0
1286175376 37489836 127032615 47.0
1286175381 37489877 127032672 6.0
1286175384 37489911 127032735 6.0
1286175385 37489960 127032837 6.0
1286175386 37489967 127032885 6.0
1286175387 37489988 127032957 6.0
1286175388 37489996 127033028 6.0
1286175389 37490021 127033115 6.0
1286175390 37490073 127033229 6.0
1286175391 37490108 127033349 6.0
1286175392 37490140 127033473 6.0
1286175393 37490172 127033585 6.0
1286175394 37490206 127033696 6.0
1286175395 37490237 127033799 6.0
1286175396 37490277 127033901 6.0
1286175397 37490310 127033986 6.0
1286175398 37490347 127034064 6.0
1286175399 37490360 127034120 6.0
1286175400 37490384 127034171 6.0
1286175401 37490395 127034206 6.0
1286175402 37490404 127034233 6.0
1286175403 37490401 127034230 6.0
1286175404 37490398 127034230 6.0
1286175405 37490396 127034231 6.0
1286175406 37490399 127034232 6.0
1286175407 37490390 127034225 6.0
1286175408 37490393 127034232 6.0
1286175409 37490396 127034232 6.0
1286175410 37490395 127034234 6.0
1286175411 37490382 127034230 6.0
1286175412 37490392 127034248 6.0
1286175413 37490401 127034261 6.0
1286175414 37490393 127034295 6.0
1286175415 37490399 127034338 6.0
1286175416 37490410 127034398 6.0
1286175417 37490422 127034468 6.0
1286175418 37490435 127034543 6.0
1286175419 37490463 127034641 6.0
1286175420 37490501 127034755 6.0
1286175421 37490529 127034864 6.0
1286175422 37490560 127034981 6.0
1286175423 37490599 127035106 6.0
1286175424 37490641 127035240 6.0
1286175425 37490677 127035369 6.0
1286175426 37490712 127035500 6.0
1286175427 37490750 127035630 6.0
1286175428 37490794 127035760 6.0
1286175429 37490828 127035886 6.0
1286175430 37490868 127036017 6.0
1286175431 37490906 127036142 6.0
1286175432 37490950 127036270 6.0
1286175433 37491001 127036410 6.0
1286175434 37491038 127036538 6.0
1286175435 37491067 127036663 6.0
1286175436 37491098 127036787 6.0
1286175437 37491138 127036911 6.0
1286175438 37491180 127037027 6.0
1286175439 37491214 127037141 6.0
1286175440 37491246 127037259 6.0
1286175441 37491279 127037380 33.0
1286175442 37491313 127037501 33.0
1286175443 37491346 127037622 33.0
1286175444 37491380 127037744 33.0
1286175445 37491411 127037864 33.0
1286175446 37491443 127037978 33.0
1286175447 37491475 127038090 33.0
1286175448 37491507 127038197 33.0
1286175449 37491533 127038297 33.0
1286175450 37491563 127038397 33.0
1286175451 37491591 127038492 33.0
1286175452 37491618 127038583 33.0
1286175453 37491641 127038673 33.0
1286175454 37491665 127038761 33.0
1286175455 37491693 127038852 33.0
1286175456 37491718 127038943 33.0
1286175457 37491749 127039038 33.0
1286175458 37491778 127039126 33.0
1286175459 37491802 127039208 33.0
1286175460 37491829 127039292 33.0
1286175461 37491858 127039386 33.0
1286175462 37491884 127039468 33.0
1286175463 37491912 127039546 33.0
1286175464 37491933 127039614 33.0
1286175465 37491955 127039672 33.0
1286175466 37491970 127039720 33.0
1286175467 37491985 127039763 33.0
1286175468 37491998 127039804 33.0
1286175469 37492001 127039812 33.0
1286175470 37492007 127039816 33.0
1286175471 37492013 127039818 33.0
1286175472 37492016 127039814 33.0
1286175473 37492023 127039813 33.0
1286175474 37492025 127039813 33.0
1286175475 37492027 127039810 33.0
1286175476 37492025 127039809 33.0
1286175477 37492029 127039809 33.0
1286175478 37492029 127039809 33.0
1286175479 37492030 127039811 33.0
1286175480 37492029 127039811 33.0
1286175481 37492029 127039810 33.0
1286175482 37492029 127039810 33.0
1286175483 37492029 127039810 33.0
1286175484 37492029 127039810 33.0
1286175485 37492029 127039810 33.0
1286175486 37492029 127039810 33.0
1286175487 37492029 127039810 33.0
1286175488 37492029 127039810 33.0
1286175489 37492029 127039810 33.0
1286175490 37492029 127039809 33.0
1286175491 37492029 127039810 33.0
1286175492 37492029 127039809 33.0
1286175493 37492029 127039809 33.0
1286175494 37492029 127039809 33.0
1286175495 37492029 127039810 33.0
1286175496 37492028 127039810 33.0
1286175497 37492028 127039810 33.0
1286175498 37492028 127039810 33.0
1286175499 37492028 127039810 33.0
1286175500 37492028 127039810 33.0
1286175501 37492028 127039810 33.0
1286175502 37492028 127039810 33.0
1286175503 37492028 127039810 33.0
1286175504 37492028 127039810 33.0
1286175505 37492028 127039810 33.0
1286175506 37492028 127039810 33.0
1286175507 37492028 127039810 33.0
1286175508 37492028 127039810 33.0
1286175509 37492028 127039810 33.0
1286175510 37492028 127039810 33.0
1286175511 37492028 127039810 33.0
1286175512 37492028 127039810 359.0
1286175513 37492028 127039810 359.0
1286175514 37492028 127039810 359.0
1286175515 37492029 127039810 0.0
1286175516 37492029 127039810 0.0
1286175517 37492029 127039810 40.0
1286175518 37492029 127039810 40.0
1286175519 37492029 127039810 40.0
1286175520 37492029 127039810 40.0
1286175521 37492029 127039810 40.0
1286175522 37492029 127039810 40.0
1286175523 37492029 127039810 40.0
1286175524 37492029 127039809 40.0
1286175525 37492029 127039809 40.0
1286175526 37492035 127039818 40.0
1286175527 37492030 127039846 40.0
1286175528 37492025 127039875 40.0
1286175529 37492042 127039925 40.0
1286175530 37492060 127039998 40.0
1286175531 37492085 127040067 40.0
1286175532 37492104 127040139 40.0
1286175533 37492127 127040210 40.0
1286175534 37492149 127040294 40.0
1286175535 37492179 127040382 40.0
1286175536 37492206 127040466 40.0
1286175537 37492233 127040548 40.0
1286175538 37492260 127040625 40.0
1286175539 37492286 127040700 40.0
1286175540 37492321 127040770 40.0
1286175541 37492364 127040824 40.0
1286175542 37492412 127040870 40.0
1286175543 37492470 127040887 40.0
1286175544 37492534 127040878 40.0
1286175545 37492601 127040859 358.0
1286175546 37492682 127040827 358.0
1286175547 37492778 127040787 358.0
1286175548 37492876 127040740 358.0
1286175549 37492978 127040691 358.0
1286175550 37493083 127040643 358.0
1286175551 37493186 127040598 358.0
1286175552 37493282 127040552 358.0
1286175553 37493374 127040503 358.0
1286175554 37493462 127040456 358.0
1286175555 37493546 127040408 358.0
1286175556 37493628 127040369 358.0
1286175557 37493694 127040339 358.0
1286175558 37493756 127040315 358.0
1286175559 37493814 127040288 358.0
1286175560 37493865 127040263 358.0
1286175561 37493901 127040247 358.0
1286175562 37493934 127040232 359.0
1286175563 37493962 127040219 359.0
1286175564 37493979 127040210 359.0
1286175565 37493993 127040202 359.0
1286175566 37494008 127040194 359.0
1286175567 37494020 127040186 359.0
1286175568 37494033 127040179 359.0
1286175569 37494068 127040160 359.0
1286175570 37494117 127040144 359.0
1286175571 37494167 127040114 359.0
1286175572 37494229 127040081 359.0
1286175573 37494300 127040047 359.0
1286175574 37494368 127040016 359.0
1286175575 37494441 127039979 359.0
1286175576 37494519 127039939 359.0
1286175577 37494601 127039900 359.0
1286175578 37494696 127039858 359.0
1286175579 37494791 127039815 359.0
1286175580 37494891 127039770 359.0
1286175581 37494995 127039723 359.0
1286175582 37495098 127039682 359.0
1286175583 37495200 127039640 359.0
1286175584 37495295 127039598 359.0
1286175585 37495389 127039558 359.0
1286175586 37495480 127039521 359.0
1286175587 37495563 127039493 359.0
1286175588 37495634 127039462 359.0
1286175589 37495673 127039447 359.0
1286175590 37495703 127039430 359.0
1286175591 37495684 127039441 359.0
1286175592 37495692 127039442 359.0
1286175593 37495701 127039444 359.0
1286175594 37495709 127039443 359.0
1286175595 37495718 127039442 359.0
1286175596 37495726 127039439 359.0
1286175597 37495733 127039436 359.0
1286175598 37495739 127039438 359.0
1286175599 37495743 127039439 359.0
1286175600 37495744 127039437 359.0
1286175601 37495748 127039435 359.0
1286175602 37495748 127039432 359.0
1286175603 37495749 127039429 359.0
1286175604 37495751 127039429 359.0
1286175605 37495754 127039429 359.0
1286175606 37495754 127039429 2.0
1286175607 37495754 127039429 2.0
1286175608 37495754 127039428 2.0
1286175609 37495754 127039428 2.0
1286175610 37495754 127039428 2.0
1286175611 37495754 127039428 2.0
1286175612 37495755 127039428 2.0
1286175613 37495754 127039428 0.0
1286175614 37495755 127039428 0.0
1286175615 37495755 127039428 0.0
1286175616 37495755 127039428 0.0
1286175617 37495755 127039428 0.0
1286175618 37495755 127039428 0.0
1286175619 37495755 127039428 0.0
1286175620 37495755 127039428 0.0
1286175621 37495755 127039428 0.0
1286175622 37495755 127039428 0.0
1286175623 37495755 127039428 0.0
1286175624 37495755 127039428 0.0
1286175625 37495755 127039428 0.0
1286175626 37495755 127039428 0.0
1286175627 37495755 127039428 0.0
1286175628 37495755 127039428 0.0
1286175629 37495755 127039428 0.0
1286175630 37495755 127039428 0.0
1286175631 37495755 127039428 0.0
1286175632 37495755 127039428 0.0
1286175633 37495755 127039428 0.0
1286175634 37495755 127039428 0.0
1286175635 37495755 127039428 0.0
1286175636 37495755 127039428 0.0
1286175637 37495755 127039428 0.0
1286175638 37495755 127039428 0.0
1286175639 37495755 127039428 0.0
1286175640 37495755 127039428 0.0
1286175641 37495755 127039428 0.0
1286175642 37495755 127039428 0.0
1286175643 37495755 127039428 0.0
1286175644 37495755 127039428 0.0
1286175645 37495755 127039428 0.0
1286175646 37495755 127039427 0.0
1286175647 37495755 127039428 0.0
1286175648 37495755 127039427 0.0
1286175649 37495755 127039427 0.0
1286175650 37495755 127039427 0.0
1286175651 37495755 127039427 0.0
1286175652 37495755 127039427 0.0
1286175653 37495755 127039427 0.0
1286175654 37495755 127039427 0.0
1286175655 37495755 127039427 0.0
1286175657 37495755 127039427 0.0
1286175660 37495756 127039427 0.0
1286175661 37495756 127039427 0.0
1286175662 37495756 127039427 0.0
1286175663 37495756 127039427 0.0
1286175664 37495756 127039427 0.0
1286175665 37495756 127039427 0.0
1286175666 37495756 127039427 359.0
1286175667 37495756 127039427 359.0
1286175668 37495756 127039427 359.0
1286175669 37495756 127039427 359.0
1286175670 37495756 127039427 359.0
1286175671 37495756 127039427 359.0
1286175672 37495756 127039427 359.0
1286175673 37495756 127039427 359.0
1286175674 37495756 127039427 359.0
1286175675 37495756 127039427 359.0
1286175676 37495756 127039427 359.0
1286175677 37495756 127039427 359.0
1286175678 37495756 127039427 359.0
1286175679 37495756 127039427 359.0
1286175680 37495756 127039427 359.0
1286175681 37495756 127039427 359.0
1286175682 37495756 127039427 359.0
1286175683 37495756 127039427 359.0
1286175684 37495756 127039427 359.0
1286175685 37495756 127039427 359.0
1286175686 37495777 127039403 359.0
1286175687 37495790 127039395 359.0
1286175688 37495804 127039392 359.0
1286175689 37495820 127039388 359.0
1286175690 37495843 127039383 359.0
1286175691 37495872 127039369 359.0
1286175692 37495882 127039364 359.0
1286175693 37495890 127039359 359.0
1286175694 37495907 127039350 359.0
1286175695 37495927 127039343 359.0
1286175696 37495945 127039346 359.0
1286175697 37495961 127039349 359.0
1286175698 37495984 127039344 359.0
1286175699 37496001 127039343 359.0
1286175700 37496039 127039329 359.0
1286175701 37496076 127039320 359.0
1286175702 37496125 127039301 359.0
1286175703 37496181 127039281 359.0
1286175704 37496267 127039244 359.0
1286175705 37496349 127039208 359.0
1286175706 37496509 127039122 359.0
1286175707 37496652 127039052 359.0
1286175708 37496770 127039000 359.0
1286175709 37496880 127038947 359.0
1286175710 37496992 127038897 359.0
1286175711 37497108 127038841 319.0
1286175712 37497220 127038788 319.0
1286175713 37497339 127038730 319.0
1286175714 37497451 127038675 319.0
1286175715 37497567 127038634 319.0
1286175716 37497674 127038581 319.0
1286175717 37497760 127038529 319.0
1286175718 37497841 127038485 319.0
1286175719 37497928 127038445 319.0
1286175720 37498007 127038402 319.0
1286175721 37498085 127038356 319.0
1286175722 37498165 127038316 319.0
1286175723 37498237 127038279 319.0
1286175724 37498314 127038247 319.0
1286175725 37498386 127038218 319.0
1286175726 37498454 127038189 319.0
1286175727 37498530 127038151 319.0
1286175728 37498616 127038126 319.0
1286175729 37498675 127038107 319.0
1286175730 37498727 127038080 319.0
1286175731 37498790 127038051 319.0
1286175732 37498849 127038028 319.0
1286175733 37498907 127038002 319.0
1286175734 37498949 127037969 319.0
1286175735 37499001 127037944 319.0
1286175736 37499037 127037908 319.0
1286175737 37499064 127037923 319.0
1286175738 37499101 127037910 319.0
1286175739 37499128 127037914 359.0
1286175740 37499164 127037907 1.0
1286175741 37499179 127037920 1.0
1286175742 37499212 127037919 1.0
1286175743 37499248 127037922 1.0
1286175744 37499281 127037923 1.0
1286175745 37499294 127037948 41.0
1286175746 37499287 127037966 41.0
1286175747 37499329 127038078 41.0
1286175748 37499371 127038119 41.0
1286175749 37499398 127038201 41.0
1286175750 37499442 127038287 41.0
1286175751 37499484 127038376 41.0
1286175752 37499511 127038452 41.0
1286175753 37499544 127038520 41.0
1286175754 37499602 127038594 41.0
1286175755 37499670 127038656 41.0
1286175756 37499715 127038716 41.0
1286175757 37499768 127038762 41.0
1286175758 37499820 127038805 41.0
1286175759 37499863 127038847 41.0
1286175760 37499896 127038895 41.0
1286175761 37499938 127038953 41.0
1286175762 37499971 127039011 41.0
1286175763 37500005 127039050 41.0
1286175764 37500041 127039073 41.0
1286175765 37500056 127039094 41.0
1286175766 37500075 127039129 41.0
1286175767 37500121 127039189 41.0
1286175768 37500143 127039253 41.0
1286175769 37500172 127039321 41.0
1286175770 37500213 127039393 41.0
1286175771 37500240 127039469 41.0
1286175772 37500261 127039546 41.0
1286175773 37500276 127039621 41.0
1286175774 37500307 127039712 41.0
1286175775 37500343 127039804 41.0
1286175776 37500375 127039898 41.0
1286175777 37500392 127039985 41.0
1286175778 37500405 127040053 41.0
1286175779 37500422 127040127 41.0
1286175780 37500442 127040188 41.0
1286175781 37500428 127040172 41.0
1286175782 37500461 127040185 41.0
1286175783 37500479 127040229 41.0
1286175784 37500497 127040279 41.0
1286175785 37500496 127040311 41.0
1286175786 37500507 127040356 41.0
1286175787 37500525 127040403 41.0
1286175788 37500537 127040451 41.0
1286175789 37500527 127040485 41.0
1286175790 37500533 127040550 41.0
1286175791 37500564 127040642 41.0
1286175792 37500586 127040725 41.0
1286175793 37500612 127040806 41.0
1286175794 37500652 127040890 41.0
1286175795 37500685 127040977 41.0
1286175796 37500719 127041061 41.0
1286175798 37500751 127041144 41.0
1286175799 37500810 127041273 41.0
1286175800 37500821 127041326 41.0
1286175801 37500842 127041390 41.0
1286175802 37500865 127041458 41.0
1286175803 37500887 127041508 41.0
1286175804 37500909 127041548 41.0
1286175805 37500936 127041589 41.0
1286175806 37500950 127041623 41.0
1286175807 37500959 127041648 41.0
1286175808 37500976 127041669 41.0
1286175809 37500989 127041689 41.0
1286175810 37501000 127041716 41.0
1286175811 37501006 127041755 41.0
1286175812 37501016 127041821 41.0
1286175813 37501025 127041882 41.0
1286175814 37501029 127041939 41.0
1286175815 37501040 127042014 3.0
1286175816 37501049 127042079 3.0
1286175817 37501075 127042161 5.0
1286175818 37501107 127042250 5.0
1286175819 37501124 127042310 5.0
1286175820 37501150 127042374 5.0
1286175821 37501181 127042432 5.0
1286175822 37501208 127042484 5.0
1286175823 37501237 127042531 5.0
1286175824 37501271 127042572 5.0
1286175825 37501293 127042601 5.0
1286175826 37501310 127042639 359.0
1286175827 37501315 127042674 358.0
1286175828 37501322 127042709 356.0
1286175829 37501341 127042747 356.0
1286175830 37501361 127042792 357.0
1286175832 37501376 127042849 359.0
1286175832 37501385 127042910 359.0
1286175833 37501402 127042996 0.0
1286175834 37501416 127043074 18.0
1286175835 37501420 127043131 18.0
1286175836 37501418 127043185 18.0
1286175837 37501397 127043235 83.0
1286175838 37501372 127043281 83.0
1286175839 37501316 127043308 83.0
1286175840 37501272 127043341 165.0
1286175841 37501217 127043378 165.0
1286175842 37501162 127043398 121.0
1286175843 37501110 127043417 161.0
