1283420280 37243593 127613539 330.0
1283420281 37243666 127613517 330.0
1283420282 37243747 127613498 330.0
1283420283 37243823 127613479 330.0
1283420284 37243911 127613463 6.0
1283420285 37243982 127613439 1.0
1283420286 37244025 127613418 63.0
1283420287 37244063 127613369 63.0
1283420288 37244104 127613305 17.0
1283420289 37244132 127613245 319.0
1283420290 37244165 127613178 319.0
1283420291 37244201 127613102 319.0
1283420292 37244187 127613019 319.0
1283420293 37244174 127612944 319.0
1283420294 37244134 127612843 319.0
1283420295 37244120 127612759 319.0
1283420296 37244111 127612675 319.0
1283420297 37244101 127612590 319.0
1283420298 37244085 127612444 319.0
1283420299 37244072 127612346 319.0
1283420300 37244021 127612263 319.0
1283420301 37243968 127612166 279.0
1283420302 37243917 127612132 279.0
1283420303 37243879 127612098 279.0
1283420304 37243835 127612060 234.0
1283420305 37243769 127612033 234.0
1283420306 37243702 127612035 234.0
1283420307 37243616 127612062 234.0
1283420308 37243518 127612075 234.0
1283420309 37243404 127612087 234.0
1283420310 37243299 127612107 234.0
1283420311 37243183 127612118 234.0
1283420312 37243067 127612115 234.0
1283420313 37242952 127612083 234.0
1283420314 37242845 127612030 234.0
1283420315 37242734 127611983 234.0
1283420316 37242624 127611927 234.0
1283420317 37242522 127611869 234.0
1283420318 37242408 127611817 234.0
1283420319 37242305 127611763 234.0
1283420320 37242201 127611715 234.0
1283420321 37242102 127611666 234.0
1283420322 37242010 127611615 234.0
1283420323 37241929 127611575 234.0
1283420324 37241855 127611536 234.0
1283420325 37241790 127611506 234.0
1283420326 37241723 127611476 234.0
1283420327 37241650 127611445 234.0
1283420328 37241580 127611424 234.0
1283420329 37241496 127611400 234.0
1283420330 37241407 127611389 234.0
1283420331 37241314 127611391 234.0
1283420332 37241221 127611399 234.0
1283420333 37241118 127611421 234.0
1283420334 37241010 127611444 234.0
1283420335 37240899 127611468 234.0
1283420336 37240783 127611495 234.0
1283420337 37240675 127611522 234.0
1283420338 37240565 127611549 194.0
1283420339 37240464 127611577 194.0
1283420340 37240365 127611610 194.0
1283420341 37240266 127611644 194.0
1283420342 37240165 127611677 194.0
1283420343 37240067 127611708 194.0
1283420344 37239987 127611775 194.0
1283420345 37239919 127611824 194.0
1283420346 37239859 127611859 194.0
1283420347 37239809 127611889 194.0
1283420348 37239755 127611931 194.0
1283420349 37239698 127611985 194.0
1283420350 37239633 127612032 194.0
1283420351 37239572 127612080 194.0
1283420352 37239519 127612130 153.0
1283420353 37239500 127612163 153.0
1283420354 37239443 127612217 111.0
1283420355 37239416 127612281 111.0
1283420356 37239392 127612366 111.0
1283420357 37239380 127612447 69.0
1283420358 37239415 127612530 29.0
1283420359 37239484 127612670 29.0
1283420360 37239538 127612790 29.0
1283420361 37239599 127612919 29.0
1283420362 37239666 127613043 29.0
1283420363 37239730 127613179 29.0
1283420364 37239784 127613336 29.0
1283420365 37239850 127613496 29.0
1283420366 37239923 127613655 29.0
1283420367 37239986 127613819 29.0
1283420368 37240065 127613980 29.0
1283420369 37240141 127614139 29.0
1283420370 37240207 127614301 29.0
1283420371 37240273 127614454 29.0
1283420372 37240333 127614597 29.0
1283420373 37240395 127614729 29.0
1283420374 37240443 127614864 29.0
1283420375 37240488 127614981 29.0
1283420376 37240533 127615093 29.0
1283420377 37240583 127615198 29.0
1283420378 37240614 127615285 29.0
1283420379 37240652 127615367 29.0
1283420380 37240684 127615439 29.0
1283420381 37240706 127615499 29.0
1283420382 37240728 127615546 29.0
1283420383 37240744 127615588 29.0
1283420384 37240760 127615624 29.0
1283420385 37240772 127615657 29.0
1283420386 37240783 127615675 29.0
1283420387 37240792 127615687 29.0
1283420388 37240809 127615716 29.0
1283420389 37240828 127615759 29.0
1283420390 37240852 127615822 29.0
1283420391 37240885 127615898 29.0
1283420392 37240937 127615987 29.0
1283420393 37240990 127616088 29.0
1283420394 37241048 127616201 29.0
1283420395 37241109 127616323 29.0
1283420396 37241176 127616454 29.0
1283420397 37241244 127616599 29.0
1283420398 37241317 127616749 29.0
1283420399 37241389 127616905 29.0
1283420400 37241465 127617066 29.0
1283420401 37241539 127617229 29.0
1283420402 37241616 127617388 29.0
1283420403 37241697 127617553 29.0
1283420404 37241779 127617727 29.0
1283420405 37241858 127617906 29.0
1283420406 37241938 127618094 29.0
1283420407 37242025 127618281 29.0
1283420408 37242121 127618473 29.0
1283420409 37242220 127618671 29.0
1283420410 37242317 127618870 29.0
1283420411 37242420 127619071 29.0
1283420412 37242523 127619275 29.0
1283420413 37242612 127619492 29.0
1283420414 37242713 127619701 29.0
1283420415 37242816 127619912 29.0
1283420416 37242919 127620124 29.0
1283420417 37243022 127620337 29.0
1283420418 37243135 127620542 29.0
1283420419 37243245 127620750 29.0
1283420420 37243356 127620958 29.0
1283420421 37243462 127621165 29.0
1283420422 37243575 127621367 29.0
1283420423 37243677 127621571 29.0
1283420424 37243773 127621783 29.0
1283420425 37243865 127621985 29.0
1283420426 37243966 127622183 29.0
1283420427 37244065 127622385 29.0
1283420428 37244214 127622559 29.0
1283420429 37244327 127622757 29.0
1283420430 37244440 127622958 29.0
1283420431 37244549 127623162 29.0
1283420432 37244645 127623367 29.0
1283420433 37244761 127623557 29.0
1283420434 37244911 127623719 29.0
1283420435 37245015 127623906 29.0
1283420436 37245090 127624105 29.0
1283420437 37245182 127624291 29.0
1283420438 37245301 127624457 29.0
1283420439 37245408 127624633 29.0
1283420440 37245523 127624800 29.0
1283420441 37245623 127624978 29.0
1283420442 37245733 127625156 29.0
1283420443 37245831 127625338 29.0
1283420444 37245920 127625532 29.0
1283420445 37246031 127625713 29.0
1283420446 37246137 127625901 29.0
1283420447 37246216 127626100 29.0
1283420448 37246314 127626284 29.0
1283420449 37246397 127626471 29.0
1283420450 37246486 127626655 29.0
1283420451 37246576 127626839 29.0
1283420452 37246685 127627011 29.0
1283420453 37246778 127627194 29.0
1283420454 37246851 127627385 29.0
1283420455 37246935 127627559 29.0
1283420456 37247028 127627723 29.0
1283420457 37247124 127627894 29.0
1283420458 37247227 127628061 29.0
1283420459 37247306 127628238 29.0
1283420460 37247407 127628406 29.0
1283420461 37247504 127628573 29.0
1283420462 37247603 127628740 29.0
1283420463 37247701 127628901 29.0
1283420464 37247803 127629059 29.0
1283420465 37247900 127629216 29.0
1283420466 37247999 127629375 29.0
1283420467 37248098 127629539 29.0
1283420468 37248213 127629700 29.0
1283420469 37248310 127629876 29.0
1283420470 37248409 127630055 29.0
1283420471 37248499 127630241 29.0
1283420472 37248599 127630423 29.0
1283420473 37248695 127630600 29.0
1283420474 37248801 127630773 29.0
1283420475 37248898 127630948 29.0
1283420476 37248978 127631130 29.0
1283420477 37249069 127631302 29.0
1283420478 37249162 127631474 29.0
1283420479 37249237 127631655 29.0
1283420480 37249305 127631834 29.0
1283420481 37249319 127632045 29.0
1283420482 37249394 127632221 29.0
1283420483 37249431 127632415 29.0
1283420484 37249489 127632599 29.0
1283420485 37249554 127632771 29.0
1283420486 37249527 127632994 29.0
1283420487 37249574 127633176 29.0
1283420488 37249623 127633357 29.0
1283420489 37249655 127633547 29.0
1283420490 37249701 127633727 29.0
1283420491 37249739 127633911 29.0
1283420492 37249790 127634092 29.0
1283420493 37249829 127634281 29.0
1283420494 37249870 127634472 29.0
1283420495 37249911 127634664 29.0
1283420496 37249948 127634862 29.0
1283420497 37249993 127635055 29.0
1283420498 37250036 127635252 29.0
1283420499 37250076 127635443 29.0
1283420500 37250116 127635641 29.0
1283420501 37250161 127635828 29.0
1283420502 37250211 127636018 29.0
1283420503 37250266 127636207 29.0
1283420504 37250299 127636398 29.0
1283420505 37250357 127636586 29.0
1283420506 37250426 127636767 29.0
1283420507 37250482 127636955 29.0
1283420508 37250542 127637127 29.0
1283420509 37250613 127637306 29.0
1283420510 37250692 127637481 29.0
1283420511 37250773 127637644 29.0
1283420512 37250867 127637808 29.0
1283420513 37250989 127637958 29.0
1283420514 37251112 127638108 29.0
1283420515 37251223 127638258 29.0
1283420516 37251340 127638414 29.0
1283420517 37251460 127638529 29.0
1283420518 37251582 127638659 29.0
1283420519 37251726 127638778 29.0
1283420520 37251863 127638903 29.0
1283420521 37251992 127639030 29.0
1283420522 37252121 127639168 29.0
1283420523 37252251 127639311 29.0
1283420524 37252404 127639450 29.0
1283420525 37252538 127639594 29.0
1283420526 37252656 127639737 29.0
1283420527 37252768 127639895 29.0
1283420528 37252894 127640049 29.0
1283420529 37252962 127640228 29.0
1283420530 37253086 127640389 29.0
1283420531 37253140 127640578 29.0
1283420532 37253190 127640770 29.0
1283420533 37253273 127640951 29.0
1283420534 37253356 127641136 29.0
1283420535 37253452 127641317 29.0
1283420536 37253559 127641489 29.0
1283420537 37253650 127641675 29.0
1283420538 37253754 127641856 29.0
1283420539 37253858 127642040 29.0
1283420540 37253945 127642226 29.0
1283420541 37254039 127642405 29.0
1283420542 37254145 127642584 29.0
1283420543 37254255 127642757 29.0
1283420544 37254349 127642938 29.0
1283420545 37254448 127643118 29.0
1283420546 37254544 127643297 29.0
1283420547 37254625 127643486 29.0
1283420548 37254715 127643665 29.0
1283420549 37254807 127643847 29.0
1283420550 37254827 127644067 29.0
1283420551 37254852 127644282 29.0
1283420552 37254896 127644489 29.0
1283420553 37254936 127644703 29.0
1283420554 37254991 127644907 29.0
1283420555 37255037 127645118 29.0
1283420556 37255100 127645320 29.0
1283420557 37255161 127645517 29.0
1283420558 37255206 127645711 29.0
1283420559 37255267 127645892 29.0
1283420560 37255312 127646067 29.0
1283420561 37255359 127646235 29.0
1283420562 37255408 127646402 29.0
1283420563 37255454 127646564 29.0
1283420564 37255503 127646719 29.0
1283420565 37255538 127646852 29.0
1283420566 37255575 127646978 29.0
1283420567 37255611 127647101 29.0
1283420568 37255648 127647223 29.0
1283420569 37255648 127647285 29.0
1283420570 37255647 127647369 29.0
1283420571 37255595 127647420 69.0
1283420572 37255543 127647476 109.0
1283420573 37255515 127647528 149.0
1283420574 37255476 127647573 149.0
1283420575 37255429 127647606 149.0
1283420576 37255392 127647655 196.0
1283420577 37255318 127647693 196.0
1283420578 37255237 127647742 196.0
1283420579 37255166 127647787 196.0
1283420580 37255093 127647832 196.0
1283420581 37255009 127647870 196.0
1283420582 37254931 127647913 196.0
1283420583 37254851 127647958 196.0
1283420584 37254769 127648002 196.0
1283420585 37254693 127648046 196.0
1283420586 37254613 127648088 196.0
1283420587 37254535 127648131 196.0
1283420588 37254467 127648160 196.0
1283420589 37254404 127648197 196.0
1283420590 37254337 127648258 155.0
1283420591 37254280 127648306 155.0
1283420592 37254272 127648385 107.0
1283420593 37254235 127648455 107.0
1283420594 37254194 127648526 65.0
1283420595 37254178 127648615 65.0
1283420596 37254171 127648706 65.0
1283420597 37254158 127648815 65.0
1283420598 37254197 127648924 65.0
1283420599 37254209 127649023 65.0
1283420600 37254210 127649123 65.0
1283420601 37254208 127649225 65.0
1283420602 37254205 127649324 65.0
1283420603 37254185 127649406 65.0
1283420604 37254178 127649495 65.0
1283420605 37254170 127649579 20.0
1283420606 37254162 127649671 20.0
1283420607 37254160 127649757 20.0
1283420608 37254155 127649835 24.0
1283420609 37254151 127649912 24.0
1283420610 37254165 127649974 24.0
1283420611 37254173 127650026 71.0
1283420612 37254167 127650068 89.0
1283420613 37254167 127650101 42.0
1283420614 37254148 127650132 85.0
1283420615 37254139 127650170 40.0
1283420616 37254134 127650210 40.0
1283420617 37254123 127650253 40.0
1283420618 37254087 127650305 40.0
1283420619 37254058 127650360 40.0
1283420620 37254034 127650413 40.0
1283420621 37254012 127650468 40.0
1283420622 37254016 127650425 117.0
1283420623 37254000 127650449 72.0
1283420624 37253985 127650474 32.0
1283420625 37254074 127650504 32.0
1283420626 37254091 127650525 32.0
1283420627 37254101 127650547 32.0
1283420628 37254076 127650573 4.0
1283420629 37254102 127650656 302.0
1283420630 37254109 127650858 302.0
1283420631 37254121 127650934 302.0
1283420632 37254126 127651156 302.0
1283420633 37254127 127651278 302.0
1283420634 37254127 127651355 302.0
1283420635 37254122 127651480 302.0
1283420636 37254117 127651604 302.0
1283420637 37254127 127651705 302.0
1283420638 37254131 127651809 302.0
1283420639 37254119 127651939 262.0
1283420640 37254104 127652077 262.0
1283420641 37254061 127652160 262.0
1283420642 37254038 127652268 262.0
1283420643 37253993 127652314 262.0
1283420644 37253827 127652363 262.0
1283420645 37253764 127652431 262.0
1283420646 37253706 127652485 262.0
1283420647 37253565 127652518 262.0
1283420648 37253447 127652543 262.0
1283420649 37253279 127652479 262.0
1283420650 37253203 127652428 262.0
1283420651 37253085 127652362 262.0
1283420652 37253016 127652291 262.0
1283420653 37252942 127652231 262.0
1283420654 37252901 127652155 262.0
1283420655 37252864 127652076 262.0
1283420656 37252802 127651961 262.0
1283420657 37252769 127651811 262.0
1283420658 37252713 127651675 262.0
1283420659 37252662 127651535 262.0
1283420660 37252642 127651395 262.0
1283420661 37252608 127651244 262.0
1283420662 37252585 127651088 262.0
1283420663 37252563 127650937 262.0
1283420664 37252540 127650781 262.0
1283420665 37252521 127650617 262.0
1283420666 37252467 127650443 262.0
1283420667 37252441 127650270 262.0
1283420668 37252416 127650094 262.0
1283420669 37252392 127649918 262.0
1283420670 37252366 127649742 262.0
1283420671 37252334 127649560 262.0
1283420672 37252308 127649384 262.0
1283420673 37252285 127649206 262.0
1283420674 37252250 127649024 262.0
1283420675 37252227 127648851 262.0
1283420676 37252194 127648672 262.0
1283420677 37252169 127648481 262.0
1283420678 37252145 127648289 262.0
1283420679 37252108 127648092 262.0
1283420680 37252076 127647896 262.0
1283420681 37252019 127647688 262.0
1283420682 37251982 127647485 262.0
1283420683 37251946 127647273 262.0
1283420684 37251890 127647050 262.0
1283420685 37251856 127646826 262.0
1283420686 37251820 127646597 262.0
1283420687 37251785 127646364 262.0
1283420688 37251748 127646124 262.0
1283420689 37251698 127645876 262.0
1283420690 37251633 127645620 262.0
1283420691 37251591 127645369 262.0
1283420692 37251553 127645115 262.0
1283420693 37251500 127644856 262.0
1283420694 37251443 127644600 262.0
1283420695 37251404 127644352 262.0
1283420696 37251364 127644104 262.0
1283420697 37251315 127643850 262.0
1283420698 37251264 127643594 262.0
1283420699 37251214 127643338 262.0
1283420700 37251171 127643084 262.0
1283420701 37251129 127642831 262.0
1283420702 37251092 127642579 262.0
1283420703 37251044 127642329 262.0
1283420704 37251001 127642079 262.0
1283420705 37250956 127641830 262.0
1283420706 37250903 127641585 262.0
1283420707 37250863 127641341 262.0
1283420708 37250824 127641097 262.0
1283420709 37250781 127640852 262.0
1283420710 37250737 127640608 262.0
1283420711 37250696 127640364 262.0
1283420712 37250648 127640120 262.0
1283420713 37250607 127639873 262.0
1283420714 37250557 127639630 262.0
1283420715 37250512 127639385 262.0
1283420716 37250466 127639139 262.0
1283420717 37250416 127638897 262.0
1283420718 37250369 127638657 262.0
1283420719 37250317 127638411 262.0
1283420720 37250275 127638169 262.0
1283420721 37250231 127637924 262.0
1283420722 37250188 127637681 262.0
1283420723 37250148 127637435 262.0
1283420724 37250096 127637190 262.0
1283420725 37250048 127636946 262.0
1283420726 37250003 127636705 262.0
1283420727 37249962 127636467 262.0
1283420728 37249915 127636225 262.0
1283420729 37249873 127635986 262.0
1283420730 37249827 127635745 262.0
1283420731 37249772 127635504 262.0
1283420732 37249724 127635274 262.0
1283420733 37249671 127635041 262.0
1283420734 37249617 127634814 262.0
1283420735 37249572 127634593 262.0
1283420736 37249527 127634370 262.0
1283420737 37249469 127634146 262.0
1283420738 37249405 127633919 262.0
1283420739 37249351 127633690 262.0
1283420740 37249301 127633462 262.0
1283420741 37249243 127633233 262.0
1283420742 37249187 127633009 262.0
1283420743 37249105 127632781 262.0
1283420744 37249022 127632552 262.0
1283420745 37248932 127632327 262.0
1283420746 37248833 127632103 262.0
1283420747 37248742 127631881 262.0
1283420748 37248637 127631662 262.0
1283420749 37248538 127631448 262.0
1283420750 37248424 127631234 262.0
1283420751 37248315 127631021 262.0
1283420752 37248207 127630808 262.0
1283420753 37248092 127630590 262.0
1283420754 37247980 127630376 262.0
1283420755 37247874 127630161 262.0
1283420756 37247761 127629948 262.0
1283420757 37247652 127629732 262.0
1283420758 37247540 127629519 262.0
1283420759 37247429 127629312 262.0
1283420760 37247319 127629105 262.0
1283420761 37247213 127628901 262.0
1283420762 37247107 127628697 262.0
1283420763 37246999 127628496 262.0
1283420764 37246895 127628296 262.0
1283420765 37246794 127628098 262.0
1283420766 37246690 127627894 262.0
1283420767 37246584 127627687 262.0
1283420768 37246474 127627481 262.0
1283420769 37246361 127627270 262.0
1283420770 37246246 127627055 262.0
1283420771 37246127 127626840 262.0
1283420772 37246007 127626620 262.0
1283420773 37245891 127626398 262.0
1283420774 37245769 127626172 262.0
1283420775 37245650 127625945 262.0
1283420776 37245530 127625718 262.0
1283420777 37245409 127625490 262.0
1283420778 37245288 127625259 262.0
1283420779 37245169 127625032 262.0
1283420780 37245049 127624804 262.0
1283420781 37244930 127624581 262.0
1283420782 37244807 127624352 262.0
1283420783 37244685 127624117 262.0
1283420784 37244562 127623887 262.0
1283420785 37244437 127623649 262.0
1283420786 37244309 127623413 262.0
1283420787 37244180 127623174 262.0
1283420788 37244053 127622936 262.0
1283420789 37243925 127622695 262.0
1283420790 37243800 127622458 262.0
1283420791 37243675 127622220 262.0
1283420792 37243545 127621977 262.0
1283420793 37243417 127621732 262.0
1283420794 37243289 127621489 262.0
1283420795 37243155 127621246 262.0
1283420796 37243027 127621005 262.0
1283420797 37242900 127620762 262.0
1283420798 37242775 127620523 262.0
1283420799 37242650 127620286 262.0
1283420800 37242528 127620052 262.0
1283420801 37242406 127619818 262.0
1283420802 37242283 127619580 262.0
1283420803 37242157 127619341 262.0
1283420804 37242034 127619103 262.0
1283420805 37241908 127618868 262.0
1283420806 37241782 127618636 262.0
1283420807 37241658 127618402 262.0
1283420808 37241534 127618170 262.0
1283420809 37241412 127617935 262.0
1283420810 37241286 127617698 262.0
1283420811 37241160 127617457 262.0
1283420812 37241036 127617214 262.0
1283420813 37240909 127616973 262.0
1283420814 37240781 127616730 262.0
1283420815 37240651 127616486 262.0
1283420816 37240520 127616241 262.0
1283420817 37240390 127615994 262.0
1283420818 37240259 127615748 262.0
1283420819 37240129 127615506 262.0
1283420820 37239996 127615260 262.0
1283420821 37239864 127615015 262.0
1283420822 37239732 127614766 262.0
1283420823 37239600 127614518 262.0
1283420824 37239469 127614272 262.0
1283420825 37239339 127614026 262.0
1283420826 37239210 127613778 262.0
1283420827 37239079 127613531 262.0
1283420828 37238951 127613282 262.0
1283420829 37238824 127613033 262.0
1283420830 37238698 127612785 262.0
1283420831 37238574 127612530 262.0
1283420832 37238450 127612277 262.0
1283420833 37238330 127612025 262.0
1283420834 37238212 127611779 262.0
1283420835 37238100 127611528 262.0
1283420836 37237981 127611287 262.0
1283420837 37237868 127611041 262.0
1283420838 37237757 127610791 262.0
1283420839 37237649 127610536 262.0
1283420840 37237543 127610279 262.0
1283420841 37237434 127610018 262.0
1283420842 37237327 127609757 262.0
1283420843 37237218 127609496 262.0
1283420844 37237107 127609234 262.0
1283420845 37236990 127608973 262.0
1283420846 37236875 127608710 262.0
1283420847 37236759 127608444 262.0
1283420848 37236645 127608173 262.0
1283420849 37236529 127607904 262.0
1283420850 37236408 127607635 262.0
1283420851 37236291 127607362 262.0
1283420852 37236171 127607086 262.0
1283420853 37236056 127606806 262.0
1283420854 37235926 127606535 262.0
1283420855 37235804 127606256 262.0
1283420856 37235700 127605960 262.0
1283420857 37235580 127605676 262.0
1283420858 37235479 127605374 262.0
1283420859 37235336 127605089 262.0
1283420860 37235223 127604787 262.0
1283420861 37235107 127604492 262.0
1283420862 37234996 127604185 262.0
1283420863 37234857 127603886 262.0
1283420864 37234736 127603582 262.0
1283420865 37234620 127603277 262.0
1283420866 37234506 127602968 262.0
1283420867 37234385 127602663 262.0
1283420868 37234261 127602364 262.0
1283420869 37234143 127602060 262.0
1283420870 37234015 127601755 262.0
1283420871 37233882 127601457 262.0
1283420872 37233752 127601163 262.0
1283420873 37233661 127600881 262.0
1283420874 37233538 127600591 262.0
1283420875 37233435 127600298 262.0
1283420876 37233329 127600013 262.0
1283420877 37233217 127599719 262.0
1283420878 37233101 127599427 262.0
1283420879 37232986 127599135 262.0
1283420880 37232873 127598843 262.0
1283420881 37232759 127598554 262.0
1283420882 37232656 127598262 262.0
1283420883 37232584 127597961 262.0
1283420884 37232513 127597654 262.0
1283420885 37232461 127597337 262.0
1283420886 37232388 127597025 262.0
1283420887 37232314 127596711 262.0
1283420888 37232258 127596387 262.0
1283420889 37232214 127596079 262.0
1283420890 37232150 127595763 262.0
1283420891 37232084 127595444 262.0
1283420892 37232071 127595128 262.0
1283420893 37232036 127594804 262.0
1283420894 37232013 127594484 262.0
1283420895 37231983 127594162 262.0
1283420896 37231960 127593845 262.0
1283420897 37231947 127593524 262.0
1283420898 37231939 127593202 262.0
1283420899 37231963 127592882 262.0
1283420900 37231968 127592558 262.0
1283420901 37231965 127592237 262.0
1283420902 37231969 127591920 262.0
1283420903 37231987 127591600 262.0
1283420904 37232003 127591278 262.0
1283420905 37232028 127590963 262.0
1283420906 37232052 127590649 262.0
1283420907 37232080 127590328 262.0
1283420908 37232122 127590017 262.0
1283420909 37232145 127589702 262.0
1283420910 37232192 127589405 262.0
1283420911 37232231 127589103 262.0
1283420912 37232283 127588803 262.0
1283420913 37232346 127588485 262.0
1283420914 37232399 127588182 262.0
1283420915 37232458 127587866 262.0
1283420916 37232512 127587558 262.0
1283420917 37232611 127587263 262.0
1283420918 37232671 127586978 262.0
1283420919 37232819 127586658 262.0
1283420920 37232927 127586363 262.0
1283420921 37233037 127586072 262.0
1283420922 37233144 127585788 262.0
1283420923 37233258 127585501 262.0
1283420924 37233370 127585220 262.0
1283420925 37233481 127584955 262.0
1283420926 37233594 127584686 262.0
1283420927 37233715 127584416 262.0
1283420928 37233842 127584155 262.0
1283420929 37233968 127583896 262.0
1283420930 37234105 127583646 262.0
1283420931 37234243 127583394 262.0
1283420932 37234392 127583137 302.0
1283420933 37234525 127582883 302.0
1283420934 37234661 127582638 302.0
1283420935 37234784 127582398 302.0
1283420936 37234909 127582154 302.0
1283420937 37235043 127581910 302.0
1283420938 37235201 127581648 302.0
1283420939 37235345 127581394 302.0
1283420940 37235483 127581143 302.0
1283420941 37235625 127580889 302.0
1283420942 37235765 127580641 302.0
1283420943 37235900 127580389 302.0
1283420944 37236048 127580141 302.0
1283420945 37236199 127579881 302.0
1283420946 37236318 127579648 302.0
1283420947 37236451 127579408 302.0
1283420948 37236586 127579166 302.0
1283420949 37236718 127578933 302.0
1283420950 37236842 127578702 302.0
1283420951 37236961 127578480 302.0
1283420952 37237093 127578244 302.0
1283420953 37237212 127578024 302.0
1283420954 37237336 127577796 302.0
1283420955 37237469 127577565 302.0
1283420956 37237583 127577343 302.0
1283420957 37237687 127577123 302.0
1283420958 37237789 127576898 302.0
1283420959 37237891 127576662 302.0
1283420960 37238005 127576403 302.0
1283420961 37238135 127576134 302.0
1283420962 37238223 127575889 302.0
1283420963 37238292 127575648 302.0
1283420964 37238360 127575384 302.0
1283420965 37238438 127575102 302.0
1283420966 37238501 127574839 302.0
1283420967 37238599 127574542 302.0
1283420968 37238651 127574286 302.0
1283420969 37238712 127574021 302.0
1283420970 37238777 127573749 302.0
1283420971 37238850 127573473 302.0
1283420972 37238912 127573203 302.0
1283420973 37238978 127572927 302.0
1283420974 37239056 127572648 302.0
1283420975 37239133 127572364 302.0
1283420976 37239200 127572096 302.0
1283420977 37239270 127571819 302.0
1283420978 37239267 127571488 302.0
1283420979 37239287 127571223 302.0
1283420980 37239355 127570952 302.0
1283420981 37239389 127570714 302.0
1283420982 37239431 127570446 302.0
1283420983 37239460 127570175 302.0
1283420984 37239495 127569906 302.0
1283420985 37239542 127569643 302.0
1283420986 37239579 127569370 302.0
1283420987 37239610 127569091 302.0
1283420988 37239637 127568800 302.0
1283420989 37239686 127568510 302.0
1283420990 37239717 127568228 302.0
1283420991 37239750 127567962 302.0
1283420992 37239782 127567689 302.0
1283420993 37239817 127567418 302.0
1283420994 37239858 127567144 302.0
1283420995 37239901 127566868 302.0
1283420996 37239926 127566595 302.0
1283420997 37239974 127566300 302.0
1283420998 37240009 127566015 302.0
1283420999 37240043 127565733 302.0
1283421000 37240081 127565402 302.0
1283421001 37240117 127565101 302.0
1283421002 37240139 127564791 302.0
1283421003 37240175 127564489 302.0
1283421004 37240233 127564161 302.0
1283421005 37240280 127563841 302.0
1283421006 37240322 127563504 302.0
1283421007 37240370 127563176 302.0
1283421008 37240395 127562835 302.0
1283421009 37240436 127562507 302.0
1283421010 37240458 127562162 302.0
1283421011 37240507 127561824 302.0
1283421012 37240557 127561475 302.0
1283421013 37240604 127561129 302.0
1283421014 37240657 127560786 302.0
1283421015 37240698 127560431 302.0
1283421016 37240747 127560088 302.0
1283421017 37240789 127559744 302.0
1283421018 37240838 127559402 302.0
1283421019 37240845 127559049 302.0
1283421020 37240846 127558702 302.0
1283421021 37240834 127558349 302.0
1283421022 37240833 127558002 302.0
1283421023 37240788 127557628 302.0
1283421024 37240771 127557294 302.0
1283421025 37240732 127556935 302.0
1283421026 37240720 127556593 302.0
1283421027 37240702 127556251 302.0
1283421028 37240678 127555907 302.0
1283421029 37240652 127555566 302.0
1283421030 37240630 127555227 302.0
1283421031 37240608 127554884 302.0
1283421032 37240583 127554543 302.0
1283421033 37240553 127554206 302.0
1283421034 37240524 127553872 302.0
1283421035 37240498 127553537 302.0
1283421036 37240476 127553212 302.0
1283421037 37240449 127552879 302.0
1283421038 37240425 127552552 302.0
1283421039 37240400 127552222 302.0
1283421040 37240379 127551891 302.0
1283421041 37240355 127551567 302.0
1283421042 37240336 127551238 302.0
1283421043 37240324 127550912 302.0
1283421044 37240302 127550580 302.0
1283421045 37240283 127550253 302.0
1283421046 37240255 127549920 302.0
1283421047 37240230 127549583 302.0
1283421048 37240200 127549254 302.0
1283421049 37240167 127548921 302.0
1283421050 37240143 127548589 302.0
1283421051 37240106 127548254 302.0
1283421052 37240074 127547918 302.0
1283421053 37240049 127547585 302.0
1283421054 37240029 127547255 302.0
1283421055 37239996 127546918 302.0
1283421056 37239976 127546582 302.0
1283421057 37239953 127546241 302.0
1283421058 37239932 127545907 302.0
1283421059 37239906 127545566 302.0
1283421060 37239885 127545228 302.0
1283421061 37239840 127544887 302.0
1283421062 37239811 127544552 302.0
1283421063 37239782 127544217 302.0
1283421064 37239759 127543882 302.0
1283421065 37239734 127543546 302.0
1283421066 37239715 127543206 302.0
1283421067 37239692 127542866 302.0
1283421068 37239668 127542522 302.0
1283421069 37239647 127542183 302.0
1283421070 37239625 127541845 302.0
1283421071 37239597 127541502 302.0
1283421072 37239571 127541155 302.0
1283421073 37239551 127540815 302.0
1283421074 37239529 127540472 302.0
1283421075 37239504 127540128 302.0
1283421076 37239476 127539785 302.0
1283421077 37239458 127539444 302.0
1283421078 37239437 127539100 302.0
1283421079 37239417 127538759 302.0
1283421080 37239393 127538416 302.0
1283421081 37239368 127538070 302.0
1283421082 37239341 127537725 302.0
1283421083 37239319 127537383 302.0
1283421084 37239297 127537045 302.0
1283421085 37239274 127536701 302.0
1283421086 37239254 127536360 302.0
1283421087 37239231 127536020 302.0
1283421088 37239206 127535678 302.0
1283421089 37239178 127535338 302.0
1283421090 37239151 127534997 302.0
1283421091 37239141 127534661 302.0
1283421092 37239142 127534325 302.0
1283421093 37239137 127533982 302.0
1283421094 37239134 127533640 302.0
1283421095 37239139 127533296 302.0
1283421096 37239153 127532960 302.0
1283421097 37239167 127532626 302.0
1283421098 37239187 127532289 302.0
1283421099 37239213 127531960 302.0
1283421100 37239249 127531635 302.0
1283421101 37239284 127531317 302.0
1283421102 37239318 127531010 302.0
1283421103 37239416 127530669 302.0
1283421104 37239498 127530342 302.0
1283421105 37239581 127530032 302.0
1283421106 37239687 127529711 302.0
1283421107 37239786 127529401 302.0
1283421108 37239884 127529099 302.0
1283421109 37239989 127528802 302.0
1283421110 37240100 127528514 302.0
1283421111 37240212 127528229 302.0
1283421112 37240328 127527946 302.0
1283421113 37240447 127527674 302.0
1283421114 37240572 127527397 302.0
1283421115 37240697 127527119 302.0
1283421116 37240826 127526846 302.0
1283421117 37240958 127526574 302.0
1283421118 37241088 127526303 302.0
1283421119 37241198 127526053 302.0
1283421120 37241329 127525783 302.0
1283421121 37241477 127525502 302.0
1283421122 37241614 127525219 302.0
1283421123 37241748 127524937 302.0
1283421124 37241876 127524659 302.0
1283421125 37242020 127524366 302.0
1283421126 37242154 127524078 302.0
1283421127 37242278 127523796 302.0
1283421128 37242383 127523516 302.0
1283421129 37242519 127523212 302.0
1283421130 37242622 127522927 302.0
1283421131 37242726 127522634 302.0
1283421132 37242835 127522333 302.0
1283421133 37242944 127522029 302.0
1283421134 37243047 127521725 302.0
1283421135 37243143 127521417 302.0
1283421136 37243233 127521105 302.0
1283421137 37243323 127520794 302.0
1283421138 37243407 127520484 302.0
1283421139 37243486 127520174 302.0
1283421140 37243557 127519861 302.0
1283421141 37243638 127519544 302.0
1283421142 37243717 127519231 302.0
1283421143 37243795 127518921 302.0
1283421144 37243846 127518556 302.0
1283421145 37243904 127518229 302.0
1283421146 37243960 127517912 302.0
1283421147 37244012 127517597 302.0
1283421148 37244086 127517266 302.0
1283421149 37244159 127516951 302.0
1283421150 37244218 127516639 302.0
1283421151 37244196 127516277 302.0
1283421152 37244195 127515934 302.0
1283421153 37244208 127515591 302.0
1283421154 37244234 127515250 302.0
1283421155 37244258 127514915 302.0
1283421156 37244281 127514580 302.0
1283421157 37244296 127514247 302.0
1283421158 37244320 127513922 302.0
1283421159 37244343 127513596 302.0
1283421160 37244365 127513274 302.0
1283421161 37244372 127512952 302.0
1283421162 37244383 127512633 302.0
1283421163 37244395 127512318 302.0
1283421164 37244405 127511997 302.0
1283421165 37244427 127511665 302.0
1283421166 37244446 127511341 302.0
1283421167 37244465 127511023 302.0
1283421168 37244491 127510704 302.0
1283421169 37244515 127510381 302.0
1283421170 37244525 127510050 302.0
1283421171 37244539 127509723 302.0
1283421172 37244560 127509395 302.0
1283421173 37244581 127509068 302.0
1283421174 37244598 127508745 302.0
1283421175 37244615 127508418 302.0
1283421176 37244636 127508090 302.0
1283421177 37244665 127507766 302.0
1283421178 37244677 127507432 302.0
1283421179 37244696 127507107 302.0
1283421180 37244715 127506775 302.0
1283421181 37244733 127506440 302.0
1283421182 37244752 127506112 302.0
1283421183 37244771 127505777 302.0
1283421184 37244793 127505446 302.0
1283421185 37244809 127505114 302.0
1283421186 37244829 127504775 302.0
1283421187 37244846 127504436 302.0
1283421188 37244862 127504095 302.0
1283421189 37244880 127503758 302.0
1283421190 37244902 127503422 302.0
1283421191 37244924 127503089 302.0
1283421192 37244946 127502765 302.0
1283421193 37244968 127502445 302.0
1283421194 37244979 127502129 302.0
1283421195 37244996 127501817 302.0
1283421196 37245016 127501508 302.0
1283421197 37245042 127501204 302.0
1283421198 37245056 127500897 302.0
1283421199 37245067 127500594 302.0
1283421200 37245088 127500299 302.0
1283421201 37245103 127500004 302.0
1283421202 37245120 127499708 302.0
1283421203 37245137 127499416 302.0
1283421204 37245156 127499124 302.0
1283421205 37245176 127498837 302.0
1283421206 37245197 127498554 302.0
1283421207 37245210 127498264 302.0
1283421208 37245227 127497979 302.0
1283421209 37245245 127497690 302.0
1283421210 37245258 127497394 302.0
1283421211 37245277 127497100 302.0
1283421212 37245297 127496809 302.0
1283421213 37245314 127496512 302.0
1283421214 37245324 127496221 302.0
1283421215 37245337 127495932 302.0
1283421216 37245350 127495641 302.0
1283421217 37245368 127495356 302.0
1283421218 37245385 127495070 302.0
1283421219 37245402 127494789 302.0
1283421220 37245419 127494511 302.0
1283421221 37245445 127494236 302.0
1283421222 37245465 127493958 302.0
1283421223 37245486 127493686 302.0
1283421224 37245503 127493409 302.0
1283421225 37245515 127493127 302.0
1283421226 37245536 127492852 302.0
1283421227 37245552 127492579 302.0
1283421228 37245568 127492302 302.0
1283421229 37245583 127492026 302.0
1283421230 37245593 127491747 302.0
1283421231 37245614 127491471 302.0
1283421232 37245629 127491192 302.0
1283421233 37245648 127490913 302.0
1283421234 37245666 127490629 302.0
1283421235 37245683 127490344 302.0
1283421236 37245701 127490059 302.0
1283421237 37245715 127489768 302.0
1283421238 37245733 127489479 302.0
1283421239 37245753 127489188 302.0
1283421240 37245768 127488893 302.0
1283421241 37245788 127488599 302.0
1283421242 37245806 127488305 302.0
1283421243 37245818 127488008 302.0
1283421244 37245834 127487706 302.0
1283421245 37245854 127487410 302.0
1283421246 37245872 127487111 302.0
1283421247 37245890 127486812 302.0
1283421248 37245913 127486510 302.0
1283421249 37245931 127486205 302.0
1283421250 37245947 127485901 302.0
1283421251 37245967 127485595 302.0
1283421252 37245988 127485286 302.0
1283421253 37246010 127484974 302.0
1283421254 37246022 127484654 302.0
1283421255 37246043 127484335 302.0
1283421256 37246064 127484019 302.0
1283421257 37246085 127483696 302.0
1283421258 37246105 127483377 302.0
1283421259 37246114 127483050 302.0
1283421260 37246130 127482735 302.0
1283421261 37246126 127482413 302.0
1283421262 37246124 127482082 302.0
1283421263 37246131 127481758 302.0
1283421264 37246130 127481433 302.0
1283421265 37246127 127481109 302.0
1283421266 37246114 127480783 302.0
1283421267 37246103 127480458 302.0
1283421268 37246081 127480125 302.0
1283421269 37246062 127479795 302.0
1283421270 37246037 127479463 302.0
1283421271 37246011 127479126 302.0
1283421272 37245988 127478788 302.0
1283421273 37245964 127478456 302.0
1283421274 37245935 127478119 302.0
1283421275 37245887 127477772 302.0
1283421276 37245839 127477428 302.0
1283421277 37245784 127477088 302.0
1283421278 37245724 127476749 302.0
1283421279 37245654 127476406 302.0
1283421280 37245594 127476074 302.0
1283421281 37245527 127475739 302.0
1283421282 37245452 127475406 302.0
1283421283 37245370 127475077 302.0
1283421284 37245290 127474742 302.0
1283421285 37245213 127474412 302.0
1283421286 37245137 127474094 302.0
1283421287 37245061 127473772 302.0
1283421288 37244959 127473450 302.0
1283421289 37244872 127473134 302.0
1283421290 37244785 127472824 302.0
1283421291 37244663 127472507 302.0
1283421292 37244566 127472192 302.0
1283421293 37244469 127471882 302.0
1283421294 37244365 127471583 302.0
1283421295 37244242 127471296 302.0
1283421296 37244075 127470998 302.0
1283421297 37243944 127470702 302.0
1283421298 37243823 127470405 302.0
1283421299 37243734 127470112 302.0
1283421300 37243613 127469814 302.0
1283421301 37243500 127469512 302.0
1283421302 37243383 127469220 302.0
1283421303 37243272 127468931 302.0
1283421304 37243157 127468649 302.0
1283421305 37243041 127468359 302.0
1283421306 37242943 127468075 302.0
1283421307 37242830 127467785 302.0
1283421308 37242693 127467491 302.0
1283421309 37242569 127467200 302.0
1283421310 37242447 127466910 302.0
1283421311 37242321 127466618 302.0
1283421312 37242233 127466327 302.0
1283421313 37242123 127466031 302.0
1283421314 37242038 127465740 302.0
1283421315 37241938 127465450 302.0
1283421316 37241853 127465167 302.0
1283421317 37241760 127464887 302.0
1283421318 37241674 127464607 302.0
1283421319 37241580 127464327 302.0
1283421320 37241525 127464062 302.0
1283421321 37241481 127463779 302.0
1283421322 37241407 127463492 302.0
1283421323 37241321 127463199 302.0
1283421324 37241246 127462905 302.0
1283421325 37241172 127462609 302.0
1283421326 37241105 127462302 302.0
1283421327 37241023 127461996 302.0
1283421328 37240958 127461687 302.0
1283421329 37240875 127461378 302.0
1283421330 37240816 127461067 302.0
1283421331 37240739 127460753 302.0
1283421332 37240657 127460450 302.0
1283421333 37240583 127460149 302.0
1283421334 37240497 127459857 302.0
1283421335 37240421 127459564 302.0
1283421336 37240349 127459276 302.0
1283421337 37240276 127458991 302.0
1283421338 37240200 127458708 302.0
1283421339 37240130 127458429 302.0
1283421340 37240069 127458153 302.0
1283421341 37240005 127457877 302.0
1283421342 37239933 127457598 302.0
1283421343 37239874 127457304 302.0
1283421344 37239807 127457019 302.0
1283421345 37239729 127456736 302.0
1283421346 37239657 127456449 302.0
1283421347 37239575 127456165 302.0
1283421348 37239508 127455879 302.0
1283421349 37239437 127455602 302.0
1283421350 37239372 127455322 302.0
1283421351 37239302 127455046 302.0
1283421352 37239230 127454771 302.0
1283421353 37239166 127454501 302.0
1283421354 37239097 127454224 302.0
1283421355 37239024 127453945 302.0
1283421356 37238957 127453664 302.0
1283421357 37238888 127453388 302.0
1283421358 37238825 127453115 302.0
1283421359 37238759 127452843 302.0
1283421360 37238688 127452585 302.0
1283421361 37238626 127452325 302.0
1283421362 37238574 127452064 302.0
1283421363 37238512 127451813 302.0
1283421364 37238450 127451568 302.0
1283421365 37238388 127451321 302.0
1283421366 37238319 127451071 302.0
1283421367 37238249 127450821 302.0
1283421368 37238177 127450564 302.0
1283421369 37238114 127450300 302.0
1283421370 37238042 127450037 302.0
1283421371 37237973 127449770 302.0
1283421372 37237893 127449504 302.0
1283421373 37237811 127449237 302.0
1283421374 37237727 127448964 302.0
1283421375 37237664 127448671 302.0
1283421376 37237573 127448392 302.0
1283421377 37237460 127448121 302.0
1283421378 37237377 127447837 302.0
1283421379 37237303 127447554 302.0
1283421380 37237257 127447230 302.0
1283421381 37237180 127446939 302.0
1283421382 37237112 127446639 302.0
1283421383 37237036 127446351 302.0
1283421384 37236970 127446051 302.0
1283421385 37236889 127445761 302.0
1283421386 37236816 127445464 302.0
1283421387 37236741 127445171 302.0
1283421388 37236661 127444888 302.0
1283421389 37236590 127444611 302.0
1283421390 37236514 127444338 302.0
1283421391 37236441 127444060 302.0
1283421392 37236374 127443796 302.0
1283421393 37236304 127443536 302.0
1283421394 37236233 127443276 302.0
1283421395 37236156 127443028 302.0
1283421396 37236083 127442769 302.0
1283421397 37236003 127442504 302.0
1283421398 37235948 127442225 302.0
1283421399 37235877 127441946 302.0
1283421400 37235809 127441668 302.0
1283421401 37235742 127441381 302.0
1283421402 37235676 127441092 302.0
1283421403 37235594 127440803 302.0
1283421404 37235516 127440516 302.0
1283421405 37235440 127440215 302.0
1283421406 37235370 127439910 302.0
1283421407 37235313 127439602 302.0
1283421408 37235222 127439304 302.0
1283421409 37235154 127438993 302.0
1283421410 37235086 127438678 302.0
1283421411 37235029 127438369 302.0
1283421412 37234975 127438053 302.0
1283421413 37234909 127437732 302.0
1283421414 37234848 127437402 302.0
1283421415 37234795 127437071 302.0
1283421416 37234753 127436738 302.0
1283421417 37234722 127436404 302.0
1283421418 37234689 127436067 302.0
1283421419 37234672 127435734 302.0
1283421420 37234658 127435401 302.0
1283421421 37234645 127435069 302.0
1283421422 37234635 127434738 302.0
1283421423 37234639 127434406 302.0
1283421424 37234649 127434076 302.0
1283421425 37234655 127433746 302.0
1283421426 37234666 127433419 302.0
1283421427 37234687 127433092 302.0
1283421428 37234708 127432771 302.0
1283421429 37234725 127432455 302.0
1283421430 37234746 127432139 302.0
1283421431 37234774 127431835 302.0
1283421432 37234813 127431538 302.0
1283421433 37234875 127431228 302.0
1283421434 37234936 127430924 302.0
1283421435 37235007 127430620 302.0
1283421436 37235082 127430321 302.0
1283421437 37235153 127430022 302.0
1283421438 37235237 127429716 302.0
1283421439 37235324 127429409 302.0
1283421440 37235418 127429101 302.0
1283421441 37235515 127428793 302.0
1283421442 37235617 127428485 302.0
1283421443 37235728 127428194 302.0
1283421444 37235839 127427892 302.0
1283421445 37235956 127427602 302.0
1283421446 37236072 127427304 302.0
1283421447 37236200 127427032 302.0
1283421448 37236321 127426747 302.0
1283421449 37236444 127426467 302.0
1283421450 37236566 127426196 302.0
1283421451 37236718 127425913 302.0
1283421452 37236854 127425640 302.0
1283421453 37236985 127425362 302.0
1283421454 37237115 127425092 302.0
1283421455 37237246 127424820 302.0
1283421456 37237381 127424548 302.0
1283421457 37237512 127424272 302.0
1283421458 37237647 127423992 302.0
1283421459 37237789 127423718 302.0
1283421460 37237916 127423449 302.0
1283421461 37238058 127423174 302.0
1283421462 37238191 127422903 302.0
1283421463 37238325 127422638 302.0
1283421464 37238478 127422364 302.0
1283421465 37238628 127422090 302.0
1283421466 37238753 127421823 302.0
1283421467 37238890 127421546 302.0
1283421468 37239009 127421280 302.0
1283421469 37239144 127421005 302.0
1283421470 37239277 127420727 302.0
1283421471 37239409 127420453 302.0
1283421472 37239533 127420182 302.0
1283421473 37239663 127419905 302.0
1283421474 37239789 127419633 302.0
1283421475 37239905 127419363 302.0
1283421476 37240024 127419090 302.0
1283421477 37240149 127418821 302.0
1283421478 37240270 127418555 302.0
1283421479 37240391 127418289 302.0
1283421480 37240489 127418036 302.0
1283421481 37240590 127417780 302.0
1283421482 37240683 127417532 302.0
1283421483 37240757 127417286 302.0
1283421484 37240845 127417033 302.0
1283421485 37240937 127416779 302.0
1283421486 37240986 127416540 302.0
1283421487 37241031 127416297 302.0
1283421488 37241082 127416056 302.0
1283421489 37241100 127415804 302.0
1283421490 37241109 127415542 302.0
1283421491 37241103 127415299 302.0
1283421492 37241099 127415057 302.0
1283421493 37241100 127414821 302.0
1283421494 37241093 127414597 302.0
1283421495 37241097 127414364 302.0
1283421496 37241099 127414129 302.0
1283421497 37241098 127413898 302.0
1283421498 37241043 127413641 302.0
1283421499 37241007 127413393 302.0
1283421500 37240984 127413146 302.0
1283421501 37240961 127412892 302.0
1283421502 37240936 127412635 302.0
1283421503 37240921 127412369 302.0
1283421504 37240907 127412106 302.0
1283421505 37240879 127411831 302.0
1283421506 37240853 127411574 302.0
1283421507 37240830 127411307 302.0
1283421508 37240810 127411044 302.0
1283421509 37240789 127410773 302.0
1283421510 37240763 127410515 302.0
1283421511 37240717 127410241 302.0
1283421512 37240684 127409981 302.0
1283421513 37240610 127409685 302.0
1283421514 37240565 127409413 302.0
1283421515 37240525 127409144 302.0
1283421516 37240461 127408841 302.0
1283421517 37240438 127408567 302.0
1283421518 37240411 127408266 302.0
1283421519 37240380 127407958 302.0
1283421520 37240331 127407659 302.0
1283421521 37240288 127407355 302.0
1283421522 37240238 127407055 302.0
1283421523 37240205 127406760 302.0
1283421524 37240160 127406466 302.0
1283421525 37240125 127406157 302.0
1283421526 37240085 127405844 302.0
1283421527 37240039 127405549 302.0
1283421528 37240020 127405242 302.0
1283421529 37239981 127404930 302.0
1283421530 37239954 127404614 302.0
1283421531 37239904 127404283 302.0
1283421532 37239871 127403965 302.0
1283421533 37239858 127403651 302.0
1283421534 37239833 127403346 302.0
1283421535 37239827 127403039 302.0
1283421536 37239796 127402731 302.0
1283421537 37239786 127402428 302.0
1283421538 37239773 127402126 302.0
1283421539 37239751 127401811 302.0
1283421540 37239739 127401500 302.0
1283421541 37239725 127401190 302.0
1283421542 37239725 127400877 302.0
1283421543 37239720 127400560 302.0
1283421544 37239713 127400239 302.0
1283421545 37239712 127399918 302.0
1283421546 37239713 127399587 302.0
1283421547 37239717 127399251 302.0
1283421548 37239719 127398915 302.0
1283421549 37239726 127398569 302.0
1283421550 37239736 127398228 302.0
1283421551 37239748 127397886 302.0
1283421552 37239761 127397557 302.0
1283421553 37239776 127397234 302.0
1283421554 37239782 127396911 302.0
1283421555 37239789 127396590 302.0
1283421556 37239799 127396266 302.0
1283421557 37239817 127395941 302.0
1283421558 37239830 127395610 302.0
1283421559 37239842 127395280 302.0
1283421560 37239860 127394959 302.0
1283421561 37239867 127394643 302.0
1283421562 37239880 127394327 302.0
1283421563 37239896 127394012 302.0
1283421564 37239912 127393698 302.0
1283421565 37239928 127393383 302.0
1283421566 37239941 127393067 302.0
1283421567 37239957 127392751 302.0
1283421568 37239968 127392443 302.0
1283421569 37239981 127392140 302.0
1283421570 37239987 127391836 302.0
1283421571 37239991 127391531 302.0
1283421572 37239998 127391227 302.0
1283421573 37240010 127390937 302.0
1283421574 37240017 127390641 302.0
1283421575 37240024 127390346 302.0
1283421576 37240016 127390058 302.0
1283421577 37240016 127389758 302.0
1283421578 37240012 127389459 302.0
1283421579 37240020 127389159 302.0
1283421580 37240025 127388861 302.0
1283421581 37240026 127388564 302.0
1283421582 37240035 127388268 302.0
1283421583 37240050 127387976 302.0
1283421584 37240057 127387682 302.0
1283421585 37240068 127387390 302.0
1283421586 37240077 127387095 302.0
1283421587 37240088 127386796 302.0
1283421588 37240100 127386490 302.0
1283421589 37240111 127386181 302.0
1283421590 37240123 127385871 302.0
1283421591 37240132 127385557 302.0
1283421592 37240145 127385248 302.0
1283421593 37240161 127384932 302.0
1283421594 37240176 127384612 302.0
1283421595 37240197 127384303 302.0
1283421596 37240220 127383993 302.0
1283421597 37240251 127383687 302.0
1283421598 37240281 127383378 302.0
1283421599 37240313 127383073 302.0
1283421600 37240346 127382772 302.0
1283421601 37240370 127382467 302.0
1283421602 37240392 127382172 302.0
1283421603 37240408 127381869 302.0
1283421604 37240419 127381562 302.0
1283421605 37240433 127381251 302.0
1283421606 37240452 127380938 302.0
1283421607 37240461 127380617 302.0
1283421608 37240470 127380292 302.0
1283421609 37240489 127379969 302.0
1283421610 37240502 127379637 302.0
1283421611 37240517 127379299 302.0
1283421612 37240531 127378958 302.0
1283421613 37240549 127378617 302.0
1283421614 37240568 127378275 302.0
1283421615 37240584 127377929 302.0
1283421616 37240601 127377577 302.0
1283421617 37240616 127377224 302.0
1283421618 37240632 127376865 302.0
1283421619 37240647 127376504 302.0
1283421620 37240665 127376139 302.0
1283421621 37240680 127375771 302.0
1283421622 37240695 127375397 302.0
1283421623 37240715 127375027 302.0
1283421624 37240729 127374653 302.0
1283421625 37240744 127374279 302.0
1283421626 37240759 127373902 302.0
1283421627 37240772 127373526 302.0
1283421628 37240786 127373154 302.0
1283421629 37240805 127372783 302.0
1283421630 37240825 127372421 302.0
1283421631 37240840 127372067 302.0
1283421632 37240855 127371715 302.0
1283421633 37240865 127371370 302.0
1283421634 37240882 127371030 302.0
1283421635 37240898 127370688 302.0
1283421636 37240914 127370346 302.0
1283421637 37240930 127370006 302.0
1283421638 37240948 127369666 302.0
1283421639 37240965 127369334 302.0
1283421640 37240983 127369002 302.0
1283421641 37240998 127368665 302.0
1283421642 37241016 127368325 302.0
1283421643 37241035 127367989 302.0
1283421644 37241054 127367650 302.0
1283421645 37241073 127367318 302.0
1283421646 37241104 127366979 302.0
1283421647 37241139 127366643 302.0
1283421648 37241192 127366320 302.0
1283421649 37241234 127365992 302.0
1283421650 37241280 127365670 302.0
1283421651 37241351 127365353 302.0
1283421652 37241410 127365037 302.0
1283421653 37241468 127364726 302.0
1283421654 37241515 127364419 302.0
1283421655 37241573 127364127 302.0
1283421656 37241619 127363833 302.0
1283421657 37241744 127363520 302.0
1283421658 37241846 127363217 302.0
1283421659 37241951 127362913 302.0
1283421660 37242060 127362610 302.0
1283421661 37242160 127362311 302.0
1283421662 37242277 127362081 302.0
1283421663 37242413 127361811 302.0
1283421664 37242534 127361536 302.0
1283421665 37242681 127361247 302.0
1283421666 37242826 127360971 302.0
1283421667 37242982 127360711 302.0
1283421668 37243123 127360444 302.0
1283421669 37243259 127360155 302.0
1283421670 37243427 127359926 302.0
1283421671 37243615 127359698 302.0
1283421672 37243824 127359455 302.0
1283421673 37244024 127359225 302.0
1283421674 37244233 127359008 302.0
1283421675 37244455 127358777 302.0
1283421676 37244661 127358577 302.0
1283421677 37244885 127358368 302.0
1283421678 37245116 127358167 302.0
1283421679 37245350 127357978 302.0
1283421680 37245583 127357798 302.0
1283421681 37245818 127357614 302.0
1283421682 37246051 127357430 302.0
1283421683 37246303 127357236 302.0
1283421684 37246544 127357050 302.0
1283421685 37246781 127356862 302.0
1283421686 37247019 127356676 302.0
1283421687 37247253 127356494 302.0
1283421688 37247477 127356307 302.0
1283421689 37247700 127356125 302.0
1283421690 37247936 127355938 302.0
1283421691 37248163 127355755 302.0
1283421692 37248387 127355575 302.0
1283421693 37248603 127355398 302.0
1283421694 37248815 127355223 302.0
1283421695 37249022 127355051 302.0
1283421696 37249232 127354868 302.0
1283421697 37249436 127354682 302.0
1283421698 37249634 127354486 302.0
1283421699 37249816 127354276 302.0
1283421700 37249995 127354067 302.0
1283421701 37250174 127353846 302.0
1283421702 37250346 127353611 302.0
1283421703 37250516 127353365 302.0
1283421704 37250680 127353109 302.0
1283421705 37250818 127352853 302.0
1283421706 37250965 127352580 302.0
1283421707 37251095 127352299 302.0
1283421708 37251222 127352008 302.0
1283421709 37251337 127351721 302.0
1283421710 37251448 127351419 302.0
1283421711 37251555 127351104 302.0
1283421712 37251658 127350780 302.0
1283421713 37251755 127350456 302.0
1283421714 37251835 127350118 302.0
1283421715 37251868 127349811 302.0
1283421716 37251902 127349496 302.0
1283421717 37251937 127349176 302.0
1283421718 37251962 127348850 302.0
1283421719 37251987 127348512 302.0
1283421720 37252007 127348156 302.0
1283421721 37252019 127347803 302.0
1283421722 37252030 127347445 302.0
1283421723 37252040 127347099 302.0
1283421724 37252043 127346749 302.0
1283421725 37252048 127346402 302.0
1283421726 37252051 127346048 302.0
1283421727 37252058 127345696 302.0
1283421728 37252062 127345343 302.0
1283421729 37252057 127344992 302.0
1283421730 37252061 127344639 302.0
1283421731 37252061 127344291 302.0
1283421732 37252061 127343943 302.0
1283421733 37252064 127343590 302.0
1283421734 37252068 127343243 302.0
1283421735 37252067 127342899 302.0
1283421736 37252073 127342566 302.0
1283421737 37252073 127342231 302.0
1283421738 37252072 127341896 302.0
1283421739 37252068 127341562 302.0
1283421740 37252066 127341231 302.0
1283421741 37252065 127340902 302.0
1283421742 37252066 127340584 302.0
1283421743 37252062 127340271 302.0
1283421744 37252060 127339955 302.0
1283421745 37252056 127339649 302.0
1283421746 37252051 127339342 302.0
1283421747 37252049 127339033 302.0
1283421748 37252051 127338719 302.0
1283421749 37252043 127338411 302.0
1283421750 37252039 127338099 302.0
1283421751 37252036 127337782 302.0
1283421752 37252029 127337476 302.0
1283421753 37252025 127337170 302.0
1283421754 37252016 127336857 302.0
1283421755 37252007 127336550 302.0
1283421756 37251991 127336241 302.0
1283421757 37251977 127335928 302.0
1283421758 37251958 127335617 302.0
1283421759 37251935 127335301 302.0
1283421760 37251916 127334987 302.0
1283421761 37251886 127334667 302.0
1283421762 37251849 127334344 302.0
1283421763 37251813 127334016 302.0
1283421764 37251775 127333686 302.0
1283421765 37251733 127333357 302.0
1283421766 37251692 127333030 302.0
1283421767 37251632 127332695 302.0
1283421768 37251578 127332360 302.0
1283421769 37251523 127332023 302.0
1283421770 37251467 127331688 302.0
1283421771 37251403 127331359 302.0
1283421772 37251330 127331039 302.0
1283421773 37251260 127330716 302.0
1283421774 37251183 127330393 302.0
1283421775 37251047 127330057 302.0
1283421776 37250939 127329730 302.0
1283421777 37250842 127329408 302.0
1283421778 37250735 127329088 302.0
1283421779 37250632 127328771 302.0
1283421780 37250536 127328459 302.0
1283421781 37250432 127328146 302.0
1283421782 37250334 127327842 302.0
1283421783 37250237 127327538 302.0
1283421784 37250136 127327240 302.0
1283421785 37250034 127326937 302.0
1283421786 37249933 127326633 302.0
1283421787 37249825 127326327 302.0
1283421788 37249727 127326020 302.0
1283421789 37249607 127325717 302.0
1283421790 37249505 127325419 302.0
1283421791 37249397 127325114 302.0
1283421792 37249293 127324807 302.0
1283421793 37249187 127324505 302.0
1283421794 37249086 127324203 302.0
1283421795 37248996 127323894 302.0
1283421796 37248895 127323584 302.0
1283421797 37248818 127323272 302.0
1283421798 37248733 127322954 302.0
1283421799 37248658 127322633 302.0
1283421800 37248590 127322314 302.0
1283421801 37248519 127321990 302.0
1283421802 37248468 127321669 302.0
1283421803 37248414 127321348 302.0
1283421804 37248364 127321024 302.0
1283421805 37248308 127320703 302.0
1283421806 37248253 127320380 302.0
1283421807 37248203 127320058 302.0
1283421808 37248152 127319736 302.0
1283421809 37248087 127319414 302.0
1283421810 37248038 127319087 302.0
1283421811 37247988 127318764 302.0
1283421812 37247936 127318447 302.0
1283421813 37247883 127318123 302.0
1283421814 37247823 127317805 302.0
1283421815 37247764 127317491 302.0
1283421816 37247691 127317184 302.0
1283421817 37247620 127316878 302.0
1283421818 37247546 127316569 302.0
1283421819 37247442 127316281 302.0
1283421820 37247350 127315994 302.0
1283421821 37247241 127315712 302.0
1283421822 37247127 127315434 302.0
1283421823 37247009 127315157 302.0
1283421824 37246884 127314874 302.0
1283421825 37246750 127314609 302.0
1283421826 37246618 127314342 302.0
1283421827 37246484 127314072 302.0
1283421828 37246349 127313805 302.0
1283421829 37246208 127313536 302.0
1283421830 37246072 127313267 302.0
1283421831 37245927 127312998 302.0
1283421832 37245789 127312727 302.0
1283421833 37245636 127312449 302.0
1283421834 37245492 127312171 302.0
1283421835 37245382 127311871 302.0
1283421836 37245271 127311558 302.0
1283421837 37245150 127311250 302.0
1283421838 37245025 127310944 302.0
1283421839 37244946 127310627 302.0
1283421840 37244839 127310303 302.0
1283421841 37244805 127309971 302.0
1283421842 37244712 127309646 302.0
1283421843 37244619 127309314 302.0
1283421844 37244573 127308979 302.0
1283421845 37244568 127308643 302.0
1283421846 37244541 127308306 302.0
1283421847 37244508 127307958 302.0
1283421848 37244463 127307608 302.0
1283421849 37244439 127307257 302.0
1283421850 37244420 127306923 302.0
1283421851 37244401 127306580 302.0
1283421852 37244382 127306241 302.0
1283421853 37244374 127305909 302.0
1283421854 37244360 127305576 302.0
1283421855 37244313 127305233 302.0
1283421856 37244279 127304907 302.0
1283421857 37244240 127304589 302.0
1283421858 37244193 127304267 302.0
1283421859 37244118 127303937 302.0
1283421860 37244026 127303600 302.0
1283421861 37243957 127303275 302.0
1283421862 37243859 127302947 302.0
1283421863 37243756 127302623 302.0
1283421864 37243645 127302319 302.0
1283421865 37243542 127302038 302.0
1283421866 37243412 127301745 302.0
1283421867 37243292 127301449 302.0
1283421868 37243173 127301158 302.0
1283421869 37243020 127300889 302.0
1283421870 37242869 127300634 302.0
1283421871 37242705 127300378 302.0
1283421872 37242558 127300127 302.0
1283421873 37242396 127299861 302.0
1283421874 37242249 127299606 302.0
1283421875 37242110 127299352 302.0
1283421876 37241965 127299094 302.0
1283421877 37241806 127298823 302.0
1283421878 37241654 127298570 302.0
1283421879 37241496 127298307 302.0
1283421880 37241319 127298054 302.0
1283421881 37241159 127297793 302.0
1283421882 37240998 127297533 302.0
1283421883 37240795 127297265 302.0
1283421884 37240623 127296979 302.0
1283421885 37240435 127296701 302.0
1283421886 37240260 127296412 302.0
1283421887 37240190 127296117 302.0
1283421888 37240091 127295796 302.0
1283421889 37239990 127295560 302.0
1283421890 37239901 127295259 302.0
1283421891 37239795 127294986 302.0
1283421892 37239681 127294699 302.0
1283421893 37239601 127294387 302.0
1283421894 37239510 127294069 302.0
1283421895 37239434 127293756 302.0
1283421896 37239365 127293439 302.0
1283421897 37239309 127293118 302.0
1283421898 37239253 127292795 302.0
1283421899 37239228 127292470 302.0
1283421900 37239184 127292147 302.0
1283421901 37239150 127291826 302.0
1283421902 37239115 127291501 302.0
1283421903 37239078 127291182 302.0
1283421904 37239069 127290878 302.0
1283421905 37239044 127290565 302.0
1283421906 37239034 127290256 302.0
1283421907 37239023 127289939 302.0
1283421908 37239035 127289638 302.0
1283421909 37239056 127289324 302.0
1283421910 37239105 127289016 302.0
1283421911 37239170 127288706 302.0
1283421912 37239214 127288386 302.0
1283421913 37239276 127288069 302.0
1283421914 37239334 127287755 302.0
1283421915 37239396 127287432 302.0
1283421916 37239461 127287118 302.0
1283421917 37239540 127286782 302.0
1283421918 37239615 127286466 302.0
1283421919 37239677 127286184 302.0
1283421920 37239751 127285909 302.0
1283421921 37239814 127285643 302.0
1283421922 37239870 127285383 302.0
1283421923 37239924 127285111 302.0
1283421924 37240004 127284863 302.0
1283421925 37240134 127284665 302.0
1283421926 37240243 127284472 302.0
1283421927 37240329 127284254 302.0
1283421928 37240408 127284030 302.0
1283421929 37240490 127283812 302.0
1283421930 37240578 127283606 302.0
1283421931 37240676 127283421 302.0
1283421932 37240768 127283224 302.0
1283421933 37240861 127283030 302.0
1283421934 37240950 127282833 302.0
1283421935 37241048 127282634 302.0
1283421936 37241139 127282438 302.0
1283421937 37241230 127282242 302.0
1283421938 37241321 127282047 302.0
1283421939 37241412 127281851 302.0
1283421968 37244336 127275567 302.0
1283421969 37244444 127275353 302.0
1283421970 37244549 127275132 302.0
1283421971 37244704 127274872 302.0
1283421972 37244824 127274606 302.0
1283421973 37244931 127274376 302.0
1283421974 37245048 127274136 302.0
1283421975 37245175 127273875 302.0
1283421976 37245272 127273627 302.0
1283421977 37245388 127273359 302.0
1283421978 37245460 127273112 302.0
1283421979 37245547 127272853 302.0
1283421980 37245626 127272600 302.0
1283421981 37245698 127272347 302.0
1283421982 37245787 127272088 302.0
1283421983 37245881 127271825 302.0
1283421984 37245975 127271559 302.0
1283421985 37246047 127271296 302.0
1283421986 37246114 127271028 302.0
1283421987 37246167 127270765 302.0
1283421988 37246204 127270516 302.0
1283421989 37246245 127270261 302.0
1283421990 37246276 127270008 302.0
1283421991 37246330 127269745 302.0
1283421992 37246358 127269489 302.0
1283421993 37246393 127269235 302.0
1283421994 37246421 127268980 302.0
1283421995 37246447 127268734 302.0
1283421996 37246480 127268484 302.0
1283421997 37246492 127268244 302.0
1283421998 37246510 127267997 302.0
1283421999 37246524 127267749 302.0
1283422000 37246533 127267490 302.0
1283422001 37246541 127267242 302.0
1283422002 37246550 127266971 302.0
1283422003 37246537 127266724 302.0
1283422004 37246521 127266447 302.0
1283422005 37246522 127266181 302.0
1283422006 37246514 127265902 302.0
1283422007 37246507 127265644 302.0
1283422008 37246470 127265381 302.0
1283422009 37246452 127265116 302.0
1283422010 37246445 127264851 302.0
1283422011 37246437 127264596 302.0
1283422012 37246424 127264342 302.0
1283422013 37246419 127264082 302.0
1283422014 37246401 127263809 302.0
1283422015 37246423 127263565 302.0
1283422016 37246424 127263301 302.0
1283422017 37246420 127263027 302.0
1283422018 37246416 127262763 302.0
1283422019 37246419 127262497 302.0
1283422020 37246410 127262227 302.0
1283422021 37246407 127261960 302.0
1283422022 37246380 127261704 302.0
1283422023 37246368 127261448 302.0
1283422024 37246354 127261184 302.0
1283422025 37246330 127260912 302.0
1283422026 37246307 127260647 302.0
1283422027 37246305 127260378 302.0
1283422028 37246294 127260116 302.0
1283422029 37246256 127259837 302.0
1283422030 37246247 127259574 302.0
1283422031 37246219 127259311 302.0
1283422032 37246197 127259048 302.0
1283422033 37246160 127258786 302.0
1283422034 37246121 127258521 302.0
1283422035 37246074 127258261 302.0
1283422036 37246027 127257995 302.0
1283422037 37245984 127257724 302.0
1283422038 37245943 127257449 302.0
1283422039 37245908 127257166 302.0
1283422040 37245870 127256881 302.0
1283422041 37245843 127256587 302.0
1283422042 37245823 127256293 302.0
1283422043 37245786 127255999 302.0
1283422044 37245755 127255707 302.0
1283422045 37245728 127255417 302.0
1283422046 37245693 127255127 302.0
1283422047 37245672 127254840 302.0
1283422048 37245651 127254554 302.0
1283422049 37245628 127254270 302.0
1283422050 37245607 127253989 302.0
1283422051 37245595 127253707 302.0
1283422052 37245532 127253411 302.0
1283422053 37245501 127253124 302.0
1283422054 37245496 127252845 302.0
1283422055 37245504 127252565 302.0
1283422056 37245487 127252271 302.0
1283422057 37245469 127251974 302.0
1283422058 37245448 127251675 302.0
1283422059 37245476 127251392 302.0
1283422060 37245443 127251077 302.0
1283422061 37245455 127250785 302.0
1283422062 37245488 127250497 302.0
1283422063 37245498 127250204 302.0
1283422064 37245532 127249915 302.0
1283422065 37245548 127249604 302.0
1283422066 37245586 127249307 302.0
1283422067 37245620 127249013 302.0
1283422068 37245605 127248756 302.0
1283422069 37245609 127248472 302.0
1283422070 37245625 127248189 302.0
1283422071 37245683 127247875 302.0
1283422072 37245706 127247584 302.0
1283422073 37245722 127247290 302.0
1283422074 37245742 127247013 302.0
1283422075 37245758 127246726 302.0
1283422076 37245803 127246423 302.0
1283422077 37245933 127246008 302.0
1283422078 37245979 127245714 302.0
1283422079 37246025 127245405 302.0
1283422080 37246068 127245103 302.0
1283422081 37246127 127244795 302.0
1283422082 37246173 127244490 302.0
1283422083 37246219 127244188 302.0
1283422084 37246275 127243885 302.0
1283422085 37246315 127243582 302.0
1283422086 37246377 127243273 302.0
1283422087 37246440 127242960 302.0
1283422088 37246506 127242654 302.0
1283422089 37246575 127242347 302.0
1283422090 37246627 127242058 302.0
1283422091 37246693 127241755 302.0
1283422092 37246743 127241461 302.0
1283422093 37246793 127241162 302.0
1283422094 37246844 127240870 302.0
1283422095 37246887 127240575 302.0
1283422096 37246938 127240279 302.0
1283422097 37247000 127239973 302.0
1283422098 37247056 127239669 302.0
1283422099 37247118 127239370 302.0
1283422100 37247179 127239068 302.0
1283422101 37247226 127238777 302.0
1283422102 37247290 127238477 302.0
1283422103 37247353 127238182 302.0
1283422104 37247414 127237919 302.0
1283422105 37247477 127237660 302.0
1283422106 37247525 127237383 302.0
1283422107 37247583 127237111 302.0
1283422115 37247921 127234819 302.0
1283422116 37247962 127234536 302.0
1283422117 37248031 127234263 302.0
1283422118 37248069 127234017 302.0
1283422119 37248121 127233739 302.0
1283422120 37248173 127233480 302.0
1283422121 37248231 127233209 302.0
1283422122 37248270 127232915 302.0
1283422123 37248322 127232637 302.0
1283422124 37248378 127232365 302.0
1283422125 37248438 127232086 302.0
1283422126 37248477 127231792 302.0
1283422127 37248559 127231506 302.0
1283422128 37248610 127231194 302.0
1283422129 37248673 127230898 302.0
1283422130 37248738 127230612 302.0
1283422131 37248804 127230330 302.0
1283422132 37248861 127230061 302.0
1283422133 37248900 127229793 302.0
1283422134 37249022 127229554 302.0
1283422135 37249119 127229307 302.0
1283422136 37249236 127229045 302.0
1283422137 37249356 127228780 302.0
1283422138 37249451 127228513 302.0
1283422139 37249557 127228239 302.0
1283422140 37249675 127227969 302.0
1283422141 37249804 127227700 302.0
1283422142 37249907 127227438 302.0
1283422143 37250029 127227164 302.0
1283422144 37250141 127226902 302.0
1283422145 37250248 127226635 302.0
1283422146 37250352 127226365 302.0
1283422147 37250450 127226095 302.0
1283422148 37250566 127225826 302.0
1283422149 37250671 127225565 302.0
1283422150 37250772 127225305 302.0
1283422151 37250876 127225047 302.0
1283422152 37250973 127224796 302.0
1283422153 37251064 127224552 302.0
1283422154 37251155 127224307 302.0
1283422155 37251249 127224063 302.0
1283422156 37251340 127223832 302.0
1283422157 37251430 127223593 302.0
1283422158 37251524 127223346 302.0
1283422159 37251619 127223103 302.0
1283422160 37251713 127222857 302.0
1283422161 37251807 127222617 302.0
1283422162 37251909 127222364 302.0
1283422163 37252004 127222122 302.0
1283422164 37252100 127221873 302.0
1283422165 37252202 127221622 302.0
1283422166 37252296 127221370 302.0
1283422167 37252394 127221124 302.0
1283422168 37252489 127220885 302.0
1283422169 37252586 127220657 302.0
1283422170 37252683 127220425 302.0
1283422171 37252781 127220191 302.0
1283422172 37252878 127219947 302.0
1283422173 37252971 127219708 302.0
1283422174 37253064 127219468 302.0
1283422175 37253157 127219228 302.0
1283422176 37253257 127218986 302.0
1283422177 37253364 127218738 302.0
1283422178 37253459 127218498 302.0
1283422179 37253550 127218252 302.0
1283422180 37253640 127218004 302.0
1283422181 37253738 127217760 302.0
1283422182 37253832 127217518 302.0
1283422183 37253926 127217282 302.0
1283422184 37254024 127217036 302.0
1283422185 37254117 127216794 302.0
1283422186 37254212 127216555 302.0
1283422187 37254304 127216316 302.0
1283422188 37254395 127216068 302.0
1283422189 37254483 127215815 302.0
1283422190 37254567 127215558 302.0
1283422191 37254649 127215302 302.0
1283422192 37254738 127215042 302.0
1283422193 37254833 127214782 302.0
1283422194 37254928 127214521 302.0
1283422195 37255029 127214261 302.0
1283422196 37255128 127213997 302.0
1283422197 37255230 127213735 302.0
1283422198 37255333 127213477 302.0
1283422199 37255437 127213218 302.0
1283422200 37255535 127212964 302.0
1283422201 37255641 127212705 302.0
1283422202 37255734 127212455 302.0
1283422203 37255833 127212206 302.0
1283422204 37255922 127211958 302.0
1283422205 37256017 127211711 302.0
1283422206 37256112 127211460 302.0
1283422207 37256214 127211205 302.0
1283422208 37256314 127210945 302.0
1283422209 37256418 127210687 302.0
1283422210 37256517 127210437 302.0
1283422211 37256613 127210188 302.0
1283422212 37256709 127209943 302.0
1283422213 37256805 127209703 302.0
1283422214 37256894 127209470 302.0
1283422215 37256987 127209237 302.0
1283422216 37257079 127209002 302.0
1283422217 37257172 127208761 302.0
1283422218 37257268 127208515 302.0
1283422219 37257363 127208269 302.0
1283422220 37257459 127208019 302.0
1283422221 37257553 127207772 302.0
1283422222 37257646 127207526 302.0
1283422223 37257743 127207276 302.0
1283422224 37257843 127207025 302.0
1283422225 37257934 127206782 302.0
1283422226 37258021 127206539 302.0
1283422227 37258109 127206296 302.0
1283422228 37258199 127206055 302.0
1283422229 37258287 127205814 302.0
1283422230 37258372 127205576 302.0
1283422231 37258451 127205339 302.0
1283422232 37258534 127205075 302.0
1283422233 37258602 127204839 302.0
1283422234 37258682 127204590 302.0
1283422235 37258772 127204334 302.0
1283422236 37258862 127204080 302.0
1283422237 37258980 127203810 302.0
1283422238 37259104 127203548 302.0
1283422239 37259227 127203294 302.0
1283422240 37259337 127203049 302.0
1283422241 37259449 127202806 302.0
1283422242 37259560 127202568 302.0
1283422243 37259678 127202332 302.0
1283422244 37259795 127202099 302.0
1283422245 37259916 127201857 302.0
1283422246 37260028 127201628 302.0
1283422247 37260149 127201400 302.0
1283422248 37260259 127201183 302.0
1283422249 37260369 127200959 302.0
1283422250 37260483 127200735 302.0
1283422251 37260608 127200507 302.0
1283422252 37260731 127200283 302.0
1283422253 37260854 127200058 302.0
1283422254 37260978 127199834 302.0
1283422255 37261104 127199608 302.0
1283422256 37261242 127199379 302.0
1283422257 37261377 127199147 302.0
1283422258 37261517 127198925 302.0
1283422259 37261637 127198703 302.0
1283422260 37261791 127198467 302.0
1283422261 37261930 127198233 302.0
1283422262 37262068 127198003 302.0
1283422263 37262205 127197770 302.0
1283422264 37262385 127197513 302.0
1283422265 37262533 127197274 302.0
1283422266 37262682 127197028 302.0
1283422267 37262833 127196780 302.0
1283422268 37262982 127196533 302.0
1283422269 37263125 127196290 302.0
1283422270 37263257 127196055 302.0
1283422271 37263405 127195806 302.0
1283422272 37263555 127195555 302.0
1283422273 37263702 127195305 302.0
1283422274 37263836 127195065 302.0
1283422275 37263974 127194823 302.0
1283422276 37264091 127194595 302.0
1283422277 37264229 127194355 302.0
1283422278 37264366 127194118 302.0
1283422279 37264507 127193879 302.0
1283422280 37264661 127193629 302.0
1283422281 37264809 127193384 302.0
1283422282 37264927 127193153 302.0
1283422283 37265065 127192914 302.0
1283422284 37265188 127192678 302.0
1283422285 37265326 127192437 302.0
1283422286 37265451 127192202 302.0
1283422287 37265585 127191961 302.0
1283422288 37265722 127191719 302.0
1283422289 37265859 127191474 302.0
1283422290 37266001 127191226 302.0
1283422291 37266154 127190970 302.0
1283422292 37266304 127190718 302.0
1283422293 37266457 127190463 302.0
1283422294 37266603 127190205 302.0
1283422295 37266749 127189946 302.0
1283422296 37266894 127189690 302.0
1283422297 37267071 127189421 302.0
1283422298 37267252 127189149 302.0
1283422299 37267391 127188892 302.0
1283422300 37267548 127188632 302.0
1283422301 37267712 127188372 302.0
1283422302 37267851 127188126 302.0
1283422303 37267994 127187880 302.0
1283422304 37268111 127187651 302.0
1283422305 37268242 127187424 302.0
1283422306 37268370 127187207 302.0
1283422307 37268509 127186987 302.0
1283422308 37268639 127186783 302.0
1283422309 37268765 127186585 302.0
1283422310 37268892 127186389 302.0
1283422311 37269019 127186197 302.0
1283422312 37269135 127186013 302.0
1283422313 37269257 127185828 302.0
1283422314 37269373 127185651 302.0
1283422315 37269480 127185479 302.0
1283422316 37269592 127185309 302.0
1283422317 37269709 127185138 302.0
1283422318 37269827 127184971 302.0
1283422319 37269951 127184795 302.0
1283422320 37270071 127184619 302.0
1283422321 37270195 127184441 302.0
1283422322 37270321 127184267 302.0
1283422323 37270449 127184090 302.0
1283422324 37270575 127183915 302.0
1283422325 37270685 127183762 302.0
1283422326 37270807 127183592 302.0
1283422327 37270929 127183424 302.0
1283422328 37271050 127183256 302.0
1283422329 37271172 127183089 302.0
1283422330 37271293 127182922 302.0
1283422331 37271414 127182754 302.0
1283422407 37281863 127171606 302.0
1283422408 37282040 127171419 302.0
1283422409 37282137 127171295 302.0
1283422410 37282294 127171124 302.0
1283422411 37282474 127170927 302.0
1283422412 37282617 127170748 302.0
1283422413 37282759 127170557 302.0
1283422414 37282890 127170408 302.0
1283422415 37283051 127170197 302.0
1283422416 37283171 127170025 302.0
1283422417 37283325 127169822 302.0
1283422418 37283466 127169645 302.0
1283422419 37283633 127169417 302.0
1283422420 37283768 127169219 302.0
1283422421 37283911 127169019 302.0
1283422422 37284057 127168818 302.0
1283422423 37284195 127168613 302.0
1283422424 37284331 127168409 302.0
1283422425 37284410 127168249 302.0
1283422426 37284508 127168060 302.0
1283422427 37284617 127167859 302.0
1283422428 37284741 127167641 302.0
1283422429 37284838 127167436 302.0
1283422430 37284932 127167228 302.0
1283422431 37285028 127167011 302.0
1283422432 37285138 127166787 302.0
1283422433 37285233 127166553 302.0
1283422434 37285339 127166310 302.0
1283422435 37285425 127166088 302.0
1283422436 37285504 127165859 302.0
1283422437 37285592 127165626 302.0
1283422438 37285672 127165393 302.0
1283422439 37285752 127165169 302.0
1283422440 37285825 127164953 302.0
1283422441 37285900 127164738 302.0
1283422442 37285974 127164523 302.0
1283422443 37286048 127164309 302.0
1283422444 37286121 127164097 302.0
1283422445 37286194 127163884 302.0
1283422446 37286205 127163650 302.0
1283422447 37286240 127163422 302.0
1283422448 37286288 127163194 302.0
1283422449 37286339 127162969 302.0
1283422449 37286390 127162759 302.0
1283422450 37286446 127162520 302.0
1283422451 37286474 127162362 302.0
1283422452 37286603 127162129 302.0
1283422453 37286656 127161913 302.0
1283422454 37286696 127161701 302.0
1283422455 37286762 127161473 302.0
1283422456 37286822 127161231 302.0
1283422457 37286883 127160991 302.0
1283422458 37286956 127160743 302.0
1283422459 37287038 127160482 302.0
1283422460 37287102 127160231 302.0
1283422461 37287184 127159971 302.0
1283422462 37287262 127159708 302.0
1283422463 37287365 127159420 302.0
1283422464 37287458 127159140 302.0
1283422465 37287535 127158868 302.0
1283422466 37287604 127158616 302.0
1283422467 37287679 127158367 302.0
1283422468 37287754 127158116 302.0
1283422469 37287817 127157870 302.0
1283422470 37287883 127157621 302.0
1283422471 37287956 127157364 302.0
1283422472 37288030 127157112 302.0
1283422473 37288104 127156853 302.0
1283422474 37288176 127156594 302.0
1283422475 37288248 127156339 302.0
1283422476 37288311 127156085 302.0
1283422477 37288374 127155839 302.0
1283422478 37288440 127155590 302.0
1283422479 37288513 127155326 302.0
1283422480 37288579 127155070 302.0
1283422481 37288650 127154804 302.0
1283422482 37288726 127154534 302.0
1283422483 37288801 127154261 302.0
1283422484 37288873 127153985 302.0
1283422485 37288952 127153709 302.0
1283422486 37289031 127153429 302.0
1283422487 37289103 127153151 302.0
1283422488 37289172 127152867 302.0
1283422489 37289234 127152588 302.0
1283422490 37289298 127152307 302.0
1283422491 37289363 127152026 302.0
1283422492 37289440 127151704 302.0
1283422493 37289476 127151406 302.0
1283422494 37289509 127151105 302.0
1283422495 37289505 127150814 302.0
1283422496 37289537 127150494 302.0
1283422497 37289541 127150195 302.0
1283422498 37289560 127149882 302.0
1283422499 37289558 127149583 302.0
1283422500 37289556 127149301 302.0
1283422501 37289559 127149005 302.0
1283422502 37289554 127148692 302.0
1283422503 37289550 127148393 302.0
1283422504 37289518 127148083 302.0
1283422505 37289485 127147776 302.0
1283422506 37289463 127147467 302.0
1283422507 37289440 127147154 302.0
1283422508 37289418 127146840 302.0
1283422509 37289396 127146524 302.0
1283422510 37289369 127146229 302.0
1283422511 37289346 127145918 302.0
1283422512 37289317 127145608 302.0
1283422513 37289300 127145300 302.0
1283422514 37289274 127144994 302.0
1283422515 37289255 127144695 302.0
1283422516 37289220 127144398 302.0
1283422517 37289192 127144102 302.0
1283422518 37289168 127143796 302.0
1283422519 37289129 127143495 302.0
1283422520 37289098 127143188 302.0
1283422521 37289073 127142883 302.0
1283422522 37289043 127142578 302.0
1283422523 37289007 127142267 302.0
1283422524 37288984 127141946 302.0
1283422525 37288947 127141631 302.0
1283422526 37288926 127141309 302.0
1283422527 37288906 127140990 302.0
1283422528 37288881 127140675 302.0
1283422529 37288860 127140353 302.0
1283422530 37288840 127140034 302.0
1283422531 37288813 127139723 302.0
1283422532 37288778 127139414 302.0
1283422533 37288762 127139106 302.0
1283422534 37288738 127138806 302.0
1283422535 37288728 127138502 302.0
1283422536 37288714 127138200 302.0
1283422537 37288766 127137893 302.0
1283422538 37288786 127137597 302.0
1283422539 37288798 127137297 302.0
1283422540 37288805 127136999 302.0
1283422541 37288834 127136699 302.0
1283422542 37288860 127136401 302.0
1283422543 37288884 127136140 302.0
1283422544 37288898 127135876 302.0
1283422545 37288933 127135589 302.0
1283422546 37288958 127135304 302.0
1283422547 37288989 127135010 302.0
1283422548 37289042 127134722 302.0
1283422549 37289082 127134429 302.0
1283422550 37289134 127134139 302.0
1283422551 37289183 127133842 302.0
1283422552 37289234 127133545 302.0
1283422553 37289280 127133249 302.0
1283422554 37289328 127132953 302.0
1283422555 37289372 127132649 302.0
1283422556 37289418 127132347 302.0
1283422557 37289459 127132039 302.0
1283422558 37289498 127131748 302.0
1283422559 37289543 127131452 302.0
1283422560 37289584 127131170 302.0
1283422561 37289632 127130880 302.0
1283422562 37289698 127130585 302.0
1283422563 37289759 127130281 302.0
1283422564 37289749 127129937 302.0
