1287969183 35174964 129126253 0.0
1287969184 35175007 129126297 0.0
1287969185 35174957 129126449 0.0
1287969186 35174998 129126529 0.0
1287969187 35175041 129126613 0.0
1287969188 35175089 129126709 0.0
1287969189 35175134 129126802 0.0
1287969190 35175175 129126885 0.0
1287969191 35175212 129126966 0.0
1287969192 35175253 129127030 0.0
1287969193 35175295 129127069 0.0
1287969194 35175336 129127117 0.0
1287969195 35175334 129127160 0.0
1287969196 35175318 129127178 0.0
1287969197 35175320 129127180 0.0
1287969198 35175314 129127184 0.0
1287969199 35175309 129127188 0.0
1287969200 35175311 129127188 0.0
1287969201 35175308 129127189 0.0
1287969202 35175302 129127191 0.0
1287969203 35175306 129127191 0.0
1287969204 35175318 129127190 0.0
1287969205 35175350 129127188 0.0
1287969206 35175382 129127185 0.0
1287969207 35175409 129127170 0.0
1287969208 35175442 129127149 0.0
1287969209 35175486 129127122 0.0
1287969210 35175568 129127057 0.0
1287969211 35175626 129127002 0.0
1287969212 35175682 129126945 0.0
1287969213 35175756 129126886 0.0
1287969214 35175831 129126817 0.0
1287969215 35175906 129126732 0.0
1287969216 35175997 129126656 0.0
1287969217 35176100 129126581 0.0
1287969218 35176197 129126508 0.0
1287969219 35176291 129126434 0.0
1287969220 35176392 129126359 0.0
1287969221 35176498 129126294 0.0
1287969222 35176595 129126221 0.0
1287969223 35176695 129126141 0.0
1287969224 35176778 129126068 0.0
1287969225 35176862 129125987 0.0
1287969226 35176933 129125911 0.0
1287969227 35176988 129125848 0.0
1287969228 35177042 129125781 0.0
1287969229 35177105 129125767 0.0
1287969230 35177148 129125748 0.0
1287969231 35177168 129125770 0.0
1287969232 35177222 129125770 0.0
1287969233 35177258 129125800 0.0
1287969234 35177281 129125822 0.0
1287969235 35177303 129125845 0.0
1287969236 35177328 129125864 0.0
1287969237 35177345 129125888 0.0
1287969238 35177356 129125921 0.0
1287969239 35177362 129125948 0.0
1287969240 35177370 129125968 0.0
1287969241 35177367 129125980 0.0
1287969242 35177366 129125983 0.0
1287969243 35177368 129125981 0.0
1287969244 35177390 129125965 0.0
1287969245 35177398 129125959 0.0
1287969246 35177404 129125955 0.0
1287969247 35177403 129125952 0.0
1287969248 35177408 129125941 0.0
1287969249 35177410 129125929 0.0
1287969250 35177413 129125918 0.0
1287969251 35177417 129125908 0.0
1287969252 35177416 129125902 0.0
1287969253 35177430 129125915 0.0
1287969254 35177439 129125926 0.0
1287969255 35177452 129125949 0.0
1287969256 35177444 129126012 0.0
1287969257 35177436 129126061 0.0
1287969258 35177456 129126114 0.0
1287969259 35177517 129126212 0.0
1287969260 35177558 129126295 0.0
1287969261 35177597 129126377 0.0
1287969262 35177637 129126457 0.0
1287969263 35177674 129126538 0.0
1287969264 35177701 129126620 0.0
1287969265 35177735 129126700 0.0
1287969266 35177753 129126781 0.0
1287969267 35177768 129126858 0.0
1287969268 35177765 129126933 0.0
1287969269 35177736 129127009 0.0
1287969270 35177714 129127081 0.0
1287969271 35177689 129127160 0.0
1287969272 35177664 129127241 0.0
1287969273 35177616 129127327 0.0
1287969274 35177547 129127416 0.0
1287969275 35177486 129127515 0.0
1287969276 35177431 129127624 0.0
1287969277 35177374 129127739 0.0
1287969278 35177317 129127861 0.0
1287969279 35177269 129127990 0.0
1287969280 35177215 129128125 0.0
1287969281 35177180 129128263 0.0
1287969282 35177139 129128403 0.0
1287969283 35177089 129128545 0.0
1287969284 35177041 129128687 0.0
1287969285 35177003 129128830 0.0
1287969286 35176957 129128974 0.0
1287969287 35176911 129129120 0.0
1287969288 35176859 129129270 0.0
1287969289 35176805 129129412 0.0
1287969290 35176747 129129553 0.0
1287969291 35176662 129129699 0.0
1287969292 35176584 129129831 0.0
1287969293 35176495 129129968 0.0
1287969294 35176406 129130098 0.0
1287969295 35176322 129130226 0.0
1287969296 35176223 129130355 0.0
1287969297 35176120 129130477 0.0
1287969298 35176000 129130590 0.0
1287969299 35175887 129130697 0.0
1287969300 35175770 129130792 0.0
1287969301 35175661 129130878 0.0
1287969302 35175533 129130952 0.0
1287969303 35175413 129131021 0.0
1287969304 35175291 129131087 0.0
1287969305 35175161 129131147 0.0
1287969306 35175024 129131200 0.0
1287969307 35174890 129131256 0.0
1287969308 35174762 129131312 0.0
1287969309 35174622 129131372 0.0
1287969310 35174466 129131432 0.0
1287969311 35174326 129131488 0.0
1287969312 35174195 129131547 0.0
1287969313 35174067 129131605 0.0
1287969314 35173938 129131657 0.0
1287969315 35173809 129131708 0.0
1287969316 35173690 129131759 0.0
1287969317 35173566 129131809 0.0
1287969318 35173450 129131860 0.0
1287969319 35173333 129131913 0.0
1287969320 35173215 129131971 0.0
1287969321 35173090 129132055 0.0
1287969322 35172997 129132121 0.0
1287969323 35172930 129132201 0.0
1287969324 35172858 129132290 0.0
1287969325 35172752 129132398 0.0
1287969326 35172625 129132518 0.0
1287969327 35172519 129132635 0.0
1287969328 35172411 129132753 0.0
1287969329 35172315 129132876 0.0
1287969330 35172216 129132997 0.0
1287969331 35172114 129133111 0.0
1287969332 35172006 129133234 0.0
1287969333 35171902 129133365 0.0
1287969334 35171805 129133504 0.0
1287969335 35171710 129133657 0.0
1287969336 35171619 129133812 0.0
1287969337 35171532 129133966 0.0
1287969338 35171465 129134119 0.0
1287969339 35171392 129134271 0.0
1287969340 35171320 129134414 0.0
1287969341 35171236 129134545 0.0
1287969342 35171171 129134640 0.0
1287969343 35171107 129134683 0.0
1287969344 35171026 129134738 0.0
1287969345 35170944 129134766 0.0
1287969346 35170832 129134766 0.0
1287969347 35170746 129134725 0.0
1287969348 35170689 129134663 0.0
1287969349 35170598 129134594 0.0
1287969350 35170534 129134487 0.0
1287969351 35170478 129134366 0.0
1287969352 35170422 129134252 0.0
1287969353 35170365 129134122 0.0
1287969354 35170312 129133977 0.0
1287969355 35170263 129133826 0.0
1287969356 35170206 129133683 0.0
1287969357 35170138 129133551 0.0
1287969358 35170060 129133424 0.0
1287969359 35169986 129133298 0.0
1287969360 35169918 129133169 0.0
1287969361 35169851 129133045 0.0
1287969362 35169783 129132924 0.0
1287969363 35169717 129132811 0.0
1287969364 35169663 129132704 0.0
1287969365 35169606 129132622 0.0
1287969366 35169558 129132558 0.0
1287969367 35169521 129132508 0.0
1287969368 35169504 129132468 0.0
1287969369 35169504 129132443 0.0
1287969370 35169515 129132429 0.0
1287969371 35169530 129132417 0.0
1287969372 35169539 129132408 0.0
1287969373 35169552 129132395 0.0
1287969374 35169565 129132380 0.0
1287969375 35169580 129132364 0.0
1287969376 35169585 129132358 0.0
1287969377 35169586 129132355 0.0
1287969378 35169582 129132356 0.0
1287969379 35169577 129132357 0.0
1287969380 35169570 129132361 0.0
1287969381 35169563 129132363 0.0
1287969382 35169561 129132365 0.0
1287969383 35169560 129132367 0.0
1287969384 35169565 129132362 0.0
1287969385 35169570 129132358 0.0
1287969386 35169571 129132357 0.0
1287969387 35169572 129132356 0.0
1287969388 35169572 129132355 0.0
1287969389 35169573 129132355 0.0
1287969390 35169573 129132355 0.0
1287969391 35169573 129132355 0.0
1287969392 35169573 129132354 0.0
1287969393 35169573 129132354 0.0
1287969394 35169573 129132354 0.0
1287969395 35169573 129132354 0.0
1287969396 35169574 129132354 0.0
1287969397 35169573 129132354 0.0
1287969398 35169573 129132354 0.0
1287969399 35169575 129132352 0.0
1287969400 35169579 129132348 0.0
1287969401 35169581 129132347 0.0
1287969402 35169581 129132348 0.0
1287969403 35169584 129132343 0.0
1287969404 35169586 129132339 0.0
1287969405 35169586 129132337 0.0
1287969406 35169586 129132336 0.0
1287969407 35169585 129132335 0.0
1287969408 35169583 129132333 0.0
1287969409 35169583 129132332 0.0
1287969410 35169582 129132332 0.0
1287969411 35169582 129132333 0.0
1287969412 35169582 129132333 0.0
1287969413 35169582 129132333 0.0
1287969414 35169582 129132333 0.0
1287969415 35169582 129132333 0.0
1287969416 35169582 129132333 0.0
1287969417 35169582 129132333 0.0
1287969418 35169582 129132333 0.0
1287969419 35169582 129132333 0.0
1287969420 35169582 129132333 0.0
1287969421 35169582 129132333 0.0
1287969422 35169582 129132333 0.0
1287969423 35169582 129132333 0.0
1287969424 35169582 129132333 0.0
1287969425 35169582 129132333 0.0
1287969426 35169582 129132333 0.0
1287969427 35169582 129132333 0.0
1287969428 35169582 129132333 0.0
1287969429 35169582 129132333 0.0
1287969430 35169582 129132333 0.0
1287969431 35169582 129132333 0.0
1287969432 35169582 129132333 0.0
1287969433 35169582 129132333 0.0
1287969434 35169582 129132333 0.0
1287969435 35169582 129132333 0.0
1287969436 35169582 129132333 0.0
1287969437 35169582 129132333 0.0
1287969438 35169582 129132329 0.0
1287969439 35169581 129132328 0.0
1287969440 35169582 129132329 0.0
1287969441 35169584 129132328 0.0
1287969442 35169585 129132327 0.0
1287969443 35169585 129132328 0.0
1287969444 35169586 129132330 0.0
1287969445 35169582 129132334 0.0
1287969446 35169581 129132338 0.0
1287969447 35169579 129132339 0.0
1287969448 35169578 129132340 0.0
1287969450 35169577 129132340 0.0
1287969451 35169577 129132340 0.0
1287969453 35169578 129132339 0.0
1287969454 35169583 129132333 0.0
1287969455 35169588 129132328 0.0
1287969456 35169596 129132320 0.0
1287969457 35169599 129132298 0.0
1287969458 35169577 129132271 0.0
1287969459 35169563 129132228 0.0
1287969460 35169548 129132169 0.0
1287969461 35169525 129132078 0.0
1287969462 35169492 129131962 0.0
1287969463 35169410 129131741 0.0
1287969464 35169301 129131584 0.0
1287969465 35169147 129131364 0.0
1287969466 35169056 129131215 0.0
1287969467 35168967 129131061 0.0
1287969468 35168869 129130910 0.0
1287969469 35168777 129130759 0.0
1287969470 35168675 129130625 0.0
1287969471 35168574 129130493 0.0
1287969472 35168487 129130354 0.0
1287969473 35168398 129130209 0.0
1287969474 35168329 129130037 0.0
1287969475 35168214 129129925 0.0
1287969476 35168130 129129783 0.0
1287969477 35168052 129129655 0.0
1287969478 35167989 129129527 0.0
1287969479 35167921 129129418 0.0
1287969480 35167860 129129306 0.0
1287969481 35167807 129129214 0.0
1287969482 35167785 129129119 0.0
1287969483 35167764 129129051 0.0
1287969484 35167760 129128990 0.0
1287969485 35167795 129128916 0.0
1287969486 35167843 129128857 0.0
1287969487 35167909 129128798 0.0
1287969488 35167976 129128739 0.0
1287969489 35168047 129128685 0.0
1287969490 35168127 129128623 0.0
1287969491 35168209 129128550 0.0
1287969492 35168294 129128474 0.0
1287969493 35168383 129128399 0.0
1287969494 35168478 129128326 0.0
1287969495 35168567 129128259 0.0
1287969496 35168674 129128185 0.0
1287969497 35168746 129128123 0.0
1287969498 35168804 129128077 0.0
1287969499 35168856 129128044 0.0
1287969500 35168917 129128034 0.0
1287969501 35168969 129128057 0.0
1287969502 35169020 129128093 0.0
1287969503 35169071 129128144 0.0
1287969504 35169125 129128233 0.0
1287969505 35169178 129128320 0.0
1287969506 35169235 129128416 0.0
1287969507 35169288 129128521 0.0
1287969508 35169348 129128627 0.0
1287969509 35169407 129128736 0.0
1287969510 35169458 129128841 0.0
1287969511 35169514 129128945 0.0
1287969512 35169530 129129030 0.0
1287969513 35169557 129129111 0.0
1287969514 35169589 129129181 0.0
1287969515 35169619 129129243 0.0
1287969516 35169655 129129291 0.0
1287969517 35169672 129129316 0.0
1287969518 35169677 129129330 0.0
1287969519 35169682 129129329 0.0
1287969520 35169687 129129327 0.0
1287969521 35169690 129129325 0.0
1287969522 35169690 129129323 0.0
1287969523 35169688 129129323 0.0
1287969524 35169684 129129325 0.0
1287969525 35169682 129129327 0.0
1287969526 35169677 129129330 0.0
1287969527 35169671 129129335 0.0
1287969528 35169666 129129339 0.0
1287969529 35169661 129129343 0.0
1287969530 35169657 129129348 0.0
1287969533 35169649 129129353 0.0
1287969534 35169649 129129354 0.0
1287969535 35169649 129129354 0.0
1287969536 35169650 129129354 0.0
1287969537 35169650 129129354 0.0
1287969538 35169650 129129355 0.0
1287969539 35169650 129129355 0.0
1287969540 35169651 129129355 0.0
1287969541 35169651 129129355 0.0
1287969542 35169651 129129355 0.0
1287969543 35169651 129129355 0.0
1287969544 35169651 129129355 0.0
1287969545 35169651 129129355 0.0
1287969546 35169651 129129355 0.0
1287969547 35169651 129129355 0.0
1287969548 35169651 129129355 0.0
1287969549 35169651 129129355 0.0
1287969550 35169651 129129355 0.0
1287969551 35169651 129129355 0.0
1287969552 35169651 129129355 0.0
1287969553 35169651 129129355 0.0
1287969554 35169651 129129356 0.0
1287969555 35169651 129129356 0.0
1287969556 35169651 129129356 0.0
1287969557 35169651 129129356 0.0
1287969558 35169651 129129356 0.0
1287969559 35169650 129129356 0.0
1287969560 35169650 129129356 0.0
1287969561 35169650 129129356 0.0
1287969562 35169650 129129356 0.0
1287969563 35169650 129129356 0.0
1287969564 35169650 129129356 0.0
1287969565 35169650 129129356 0.0
1287969566 35169650 129129356 0.0
1287969567 35169650 129129356 0.0
1287969568 35169650 129129356 0.0
1287969569 35169650 129129356 0.0
1287969570 35169650 129129356 0.0
1287969571 35169650 129129356 0.0
1287969572 35169648 129129364 0.0
1287969573 35169647 129129371 0.0
1287969574 35169643 129129377 0.0
1287969575 35169634 129129382 0.0
1287969576 35169625 129129387 0.0
1287969577 35169625 129129387 0.0
1287969578 35169627 129129396 0.0
1287969579 35169634 129129414 0.0
1287969580 35169643 129129441 0.0
1287969581 35169657 129129490 0.0
1287969582 35169674 129129557 0.0
1287969583 35169711 129129628 0.0
1287969584 35169755 129129708 0.0
1287969585 35169796 129129801 0.0
1287969586 35169844 129129898 0.0
1287969587 35169892 129130002 0.0
1287969588 35169950 129130114 0.0
1287969589 35170009 129130226 0.0
1287969590 35170063 129130341 0.0
1287969591 35170090 129130466 0.0
1287969592 35170136 129130588 0.0
1287969593 35170188 129130697 0.0
1287969594 35170238 129130800 0.0
1287969595 35170293 129130898 0.0
1287969596 35170362 129130981 0.0
1287969597 35170399 129131054 0.0
1287969598 35170432 129131118 0.0
1287969599 35170441 129131182 0.0
1287969600 35170451 129131226 0.0
1287969601 35170436 129131262 0.0
1287969602 35170411 129131305 0.0
1287969603 35170387 129131375 0.0
1287969604 35170357 129131446 0.0
1287969605 35170309 129131514 0.0
1287969606 35170172 129131563 0.0
1287969607 35170075 129131628 0.0
1287969608 35169980 129131697 0.0
1287969609 35169895 129131766 0.0
1287969610 35169813 129131821 0.0
1287969611 35169752 129131872 0.0
1287969612 35169703 129131911 0.0
1287969613 35169665 129131943 0.0
1287969614 35169639 129131937 0.0
1287969615 35169613 129131918 0.0
1287969616 35169620 129131903 0.0
1287969617 35169614 129131883 0.0
1287969618 35169601 129131863 0.0
1287969619 35169588 129131848 0.0
1287969620 35169578 129131839 0.0
1287969621 35169570 129131829 0.0
1287969622 35169559 129131826 0.0
1287969623 35169554 129131820 0.0
1287969624 35169553 129131807 0.0
1287969625 35169570 129131793 0.0
1287969626 35169590 129131785 0.0
1287969627 35169607 129131771 0.0
1287969628 35169623 129131774 0.0
1287969629 35169634 129131769 0.0
1287969630 35169648 129131770 0.0
1287969631 35169659 129131766 0.0
1287969632 35169669 129131765 0.0
1287969633 35169679 129131765 0.0
1287969634 35169691 129131762 0.0
1287969635 35169696 129131765 0.0
1287969636 35169699 129131768 0.0
1287969637 35169703 129131771 0.0
1287969638 35169703 129131771 0.0
1287969639 35169703 129131771 0.0
1287969640 35169702 129131770 0.0
1287969641 35169702 129131770 0.0
1287969642 35169702 129131771 0.0
1287969643 35169703 129131771 0.0
1287969644 35169703 129131771 0.0
1287969645 35169703 129131771 0.0
1287969646 35169702 129131770 0.0
1287969647 35169702 129131770 0.0
1287969648 35169702 129131770 0.0
1287969649 35169703 129131771 0.0
1287969650 35169703 129131771 0.0
1287969651 35169704 129131771 0.0
1287969652 35169704 129131772 0.0
1287969653 35169704 129131772 0.0
1287969654 35169705 129131773 0.0
1287969655 35169705 129131773 0.0
1287969656 35169704 129131773 0.0
1287969657 35169704 129131773 0.0
1287969658 35169703 129131773 0.0
1287969659 35169703 129131773 0.0
1287969660 35169703 129131773 0.0
1287969661 35169703 129131773 0.0
1287969662 35169703 129131773 0.0
1287969663 35169703 129131772 0.0
1287969664 35169703 129131772 0.0
1287969665 35169703 129131772 0.0
1287969666 35169703 129131772 0.0
1287969667 35169702 129131772 0.0
1287969668 35169702 129131772 0.0
1287969669 35169702 129131772 0.0
1287969670 35169701 129131773 0.0
1287969671 35169701 129131773 0.0
1287969672 35169700 129131772 0.0
1287969673 35169699 129131772 0.0
1287969674 35169698 129131772 0.0
1287969675 35169698 129131772 0.0
1287969676 35169415 129131811 0.0
1287969677 35169402 129131816 0.0
1287969678 35169391 129131841 0.0
1287969679 35169367 129131873 0.0
1287969680 35169334 129131922 0.0
1287969681 35169287 129131978 0.0
1287969682 35169230 129132040 0.0
1287969683 35169162 129132107 0.0
1287969684 35169086 129132178 0.0
1287969685 35169004 129132250 0.0
1287969686 35168918 129132325 0.0
1287969687 35168825 129132406 0.0
1287969688 35168729 129132489 0.0
1287969689 35168633 129132571 0.0
1287969690 35168521 129132660 0.0
1287969691 35168419 129132753 0.0
1287969692 35168314 129132840 0.0
1287969693 35168243 129132905 0.0
1287969694 35168152 129132976 0.0
1287969695 35168064 129133049 0.0
1287969696 35167985 129133119 0.0
1287969697 35167900 129133201 0.0
1287969698 35167818 129133281 0.0
1287969699 35167726 129133363 0.0
1287969700 35167634 129133441 0.0
1287969701 35167544 129133520 0.0
1287969702 35167454 129133603 0.0
1287969703 35167369 129133676 0.0
1287969704 35167271 129133760 0.0
1287969705 35167169 129133848 0.0
1287969706 35167085 129133943 0.0
1287969707 35166989 129134045 0.0
1287969708 35166889 129134134 0.0
1287969709 35166777 129134211 0.0
1287969710 35166697 129134297 0.0
1287969711 35166656 129134409 0.0
1287969712 35166658 129134525 0.0
1287969713 35166641 129134642 0.0
1287969714 35166673 129134772 0.0
1287969715 35166711 129134904 0.0
1287969716 35166780 129135035 0.0
1287969717 35166848 129135144 0.0
1287969718 35166925 129135268 0.0
1287969719 35166997 129135397 0.0
1287969720 35167079 129135531 0.0
1287969721 35167156 129135667 0.0
1287969722 35167238 129135816 0.0
1287969723 35167324 129135963 0.0
1287969724 35167402 129136120 0.0
1287969725 35167484 129136286 0.0
1287969726 35167572 129136449 0.0
1287969727 35167662 129136613 0.0
1287969728 35167754 129136776 0.0
1287969729 35167849 129136936 0.0
1287969730 35167928 129137093 0.0
1287969731 35168011 129137255 0.0
1287969732 35168089 129137416 0.0
1287969733 35168174 129137576 0.0
1287969734 35168245 129137732 0.0
1287969735 35168322 129137871 0.0
1287969736 35168384 129138004 0.0
1287969737 35168437 129138129 0.0
1287969738 35168495 129138245 0.0
1287969739 35168544 129138348 0.0
1287969740 35168591 129138448 0.0
1287969741 35168638 129138517 0.0
1287969742 35168653 129138572 0.0
1287969743 35168665 129138614 0.0
1287969744 35168668 129138641 0.0
1287969745 35168667 129138654 0.0
1287969746 35168675 129138671 0.0
1287969747 35168679 129138697 0.0
1287969748 35168679 129138739 0.0
1287969749 35168677 129138795 0.0
1287969750 35168680 129138853 0.0
1287969751 35168661 129138934 0.0
1287969752 35168653 129139004 0.0
1287969753 35168644 129139073 0.0
1287969754 35168561 129139224 0.0
1287969755 35168434 129139354 0.0
1287969756 35168335 129139475 0.0
1287969764 35167668 129140223 0.0
1287969765 35167529 129140300 0.0
1287969766 35167450 129140347 0.0
1287969767 35167371 129140401 0.0
1287969768 35167306 129140448 0.0
1287969769 35167251 129140485 0.0
1287969770 35167206 129140514 0.0
1287969771 35167165 129140540 0.0
1287969772 35167131 129140564 0.0
1287969773 35167109 129140580 0.0
1287969774 35167092 129140595 0.0
1287969775 35167076 129140607 0.0
1287969776 35167063 129140613 0.0
1287969777 35167058 129140614 0.0
1287969778 35167059 129140615 0.0
1287969779 35167056 129140618 0.0
1287969780 35167051 129140618 0.0
1287969781 35167047 129140621 0.0
1287969782 35167041 129140620 0.0
1287969783 35167037 129140618 0.0
1287969784 35167035 129140620 0.0
1287969785 35167032 129140620 0.0
1287969786 35167026 129140621 0.0
1287969787 35167025 129140620 0.0
1287969788 35167021 129140622 0.0
1287969789 35167017 129140627 0.0
1287969790 35167013 129140627 0.0
1287969791 35167012 129140626 0.0
1287969792 35167012 129140626 0.0
1287969793 35167004 129140631 0.0
1287969794 35166984 129140642 0.0
1287969795 35166951 129140660 0.0
1287969796 35166902 129140691 0.0
1287969797 35166853 129140725 0.0
1287969798 35166808 129140750 0.0
1287969799 35166768 129140768 0.0
1287969800 35166712 129140817 0.0
1287969801 35166594 129140887 0.0
1287969802 35166493 129140954 0.0
1287969803 35166389 129141017 0.0
1287969804 35166281 129141085 0.0
1287969805 35166170 129141157 0.0
1287969806 35166058 129141222 0.0
1287969807 35165941 129141287 0.0
1287969808 35165820 129141363 0.0
1287969809 35165695 129141406 0.0
1287969810 35165571 129141474 0.0
1287969811 35165446 129141536 0.0
1287969812 35165325 129141625 0.0
1287969813 35165207 129141704 0.0
1287969814 35165091 129141796 0.0
1287969815 35164979 129141881 0.0
1287969816 35164873 129141970 0.0
1287969817 35164766 129142055 0.0
1287969818 35164660 129142151 0.0
1287969819 35164551 129142242 0.0
1287969820 35164444 129142339 0.0
1287969821 35164339 129142434 0.0
1287969822 35164234 129142529 0.0
1287969823 35164139 129142630 0.0
1287969824 35164053 129142733 0.0
1287969825 35163967 129142858 0.0
1287969826 35163885 129142981 0.0
1287969827 35163804 129143101 0.0
1287969828 35163726 129143227 0.0
1287969829 35163659 129143345 0.0
1287969830 35163603 129143454 0.0
1287969831 35163555 129143562 0.0
1287969832 35163508 129143668 0.0
1287969833 35163443 129143792 0.0
1287969834 35163379 129143919 0.0
1287969835 35163298 129144059 0.0
1287969836 35163217 129144199 0.0
1287969837 35163135 129144343 0.0
1287969838 35163059 129144485 0.0
1287969839 35162967 129144631 0.0
1287969840 35162889 129144774 0.0
1287969841 35162810 129144918 0.0
1287969842 35162731 129145061 0.0
1287969843 35162658 129145201 0.0
1287969844 35162586 129145350 0.0
1287969845 35162509 129145499 0.0
1287969846 35162451 129145645 0.0
1287969847 35162371 129145799 0.0
1287969848 35162288 129145952 0.0
1287969849 35162205 129146101 0.0
1287969850 35162118 129146258 0.0
1287969851 35162032 129146417 0.0
1287969852 35161953 129146572 0.0
1287969853 35161871 129146727 0.0
1287969854 35161783 129146881 0.0
1287969855 35161712 129147026 0.0
1287969856 35161631 129147171 0.0
1287969857 35161546 129147316 0.0
1287969880 35159644 129150232 0.0
1287969881 35159594 129150358 0.0
1287969882 35159534 129150486 0.0
1287969883 35159461 129150624 0.0
1287969884 35159379 129150753 0.0
1287969885 35159310 129150882 0.0
1287969886 35159241 129151014 0.0
1287969887 35159145 129151153 0.0
1287969888 35159062 129151278 0.0
1287969889 35158986 129151396 0.0
1287969890 35158848 129151501 0.0
1287969891 35158731 129151599 0.0
1287969892 35158627 129151669 0.0
1287969893 35158541 129151741 0.0
1287969894 35158450 129151810 0.0
1287969895 35158363 129151877 0.0
1287969896 35158285 129151940 0.0
1287969897 35158218 129151988 0.0
1287969898 35158164 129152032 0.0
1287969899 35158130 129152051 0.0
1287969900 35158118 129152055 0.0
1287969901 35158114 129152063 0.0
1287969902 35158118 129152060 0.0
1287969903 35158119 129152066 0.0
1287969904 35158122 129152068 0.0
1287969905 35158121 129152070 0.0
1287969906 35158124 129152073 0.0
1287969907 35158122 129152077 0.0
1287969908 35158122 129152086 0.0
1287969909 35158122 129152096 0.0
1287969910 35158121 129152102 0.0
1287969911 35158122 129152102 0.0
1287969912 35158124 129152097 0.0
1287969913 35158128 129152090 0.0
1287969914 35158134 129152087 0.0
1287969915 35158141 129152082 0.0
1287969916 35158147 129152081 0.0
1287969917 35158154 129152073 0.0
1287969919 35158156 129152070 0.0
1287969920 35158156 129152070 0.0
1287969921 35158156 129152070 0.0
1287969922 35158156 129152070 0.0
1287969923 35158157 129152070 0.0
1287969924 35158157 129152070 0.0
1287969925 35158157 129152070 0.0
1287969926 35158157 129152070 0.0
1287969927 35158157 129152070 0.0
1287969928 35158157 129152070 0.0
1287969929 35158157 129152070 0.0
1287969930 35158157 129152070 0.0
1287969931 35158157 129152069 0.0
1287969932 35158157 129152069 0.0
1287969933 35158157 129152069 0.0
1287969934 35158157 129152069 0.0
1287969935 35158157 129152069 0.0
1287969936 35158157 129152069 0.0
1287969937 35158157 129152069 0.0
1287969938 35158157 129152069 0.0
1287969939 35158157 129152069 0.0
1287969940 35158157 129152069 0.0
1287969941 35158157 129152069 0.0
1287969942 35158157 129152069 0.0
1287969943 35158157 129152069 0.0
1287969944 35158157 129152069 0.0
1287969945 35158157 129152069 0.0
1287969946 35158157 129152069 0.0
1287969947 35158157 129152069 0.0
1287969948 35158157 129152069 0.0
1287969949 35158157 129152069 0.0
1287969950 35158157 129152069 0.0
1287969951 35158157 129152069 0.0
1287969952 35158157 129152068 0.0
1287969953 35158157 129152068 0.0
1287969954 35158157 129152068 0.0
1287969955 35158157 129152068 0.0
1287969956 35158157 129152068 0.0
1287969957 35158157 129152068 0.0
1287969958 35158157 129152068 0.0
1287969959 35158157 129152068 0.0
1287969960 35158157 129152068 0.0
1287969961 35158157 129152068 0.0
1287969962 35158157 129152068 0.0
1287969963 35158157 129152068 0.0
1287969964 35158157 129152068 0.0
1287969965 35158157 129152068 0.0
1287969966 35158157 129152068 0.0
1287969967 35158157 129152068 0.0
1287969968 35158157 129152068 0.0
1287969969 35158157 129152068 0.0
1287969970 35158157 129152068 0.0
1287969971 35158157 129152068 0.0
1287969972 35158157 129152068 0.0
1287969973 35158157 129152068 0.0
1287969974 35158157 129152068 0.0
1287969975 35158157 129152068 0.0
1287969976 35158157 129152068 0.0
1287969977 35158157 129152068 0.0
1287969978 35158160 129152067 0.0
1287969979 35158164 129152070 0.0
1287969980 35158165 129152065 0.0
1287969981 35158166 129152059 0.0
1287969982 35158164 129152051 0.0
1287969983 35158171 129152045 0.0
1287969984 35158172 129152043 0.0
1287969985 35158173 129152043 0.0
1287969986 35158175 129152047 0.0
1287969994 35158176 129152045 0.0
1287969995 35158176 129152044 0.0
1287969996 35158176 129152044 0.0
1287969997 35158176 129152044 0.0
1287969998 35158176 129152044 0.0
1287969999 35158176 129152044 0.0
1287970000 35158176 129152044 0.0
1287970001 35158176 129152044 0.0
1287970002 35158176 129152044 0.0
1287970003 35158176 129152044 0.0
1287970004 35158176 129152044 0.0
1287970005 35158176 129152044 0.0
1287970006 35158165 129152051 0.0
1287970007 35158139 129152070 0.0
1287970008 35158105 129152097 0.0
1287970009 35158059 129152133 0.0
1287970010 35158006 129152175 0.0
1287970011 35157949 129152222 0.0
1287970012 35157886 129152275 0.0
1287970013 35157818 129152334 0.0
1287970014 35157743 129152398 0.0
1287970015 35157664 129152466 0.0
1287970016 35157583 129152538 0.0
1287970017 35157500 129152610 0.0
1287970018 35157410 129152685 0.0
1287970019 35157323 129152758 0.0
1287970020 35157237 129152832 0.0
1287970021 35157149 129152906 0.0
1287970022 35157061 129152982 0.0
1287970023 35156977 129153052 0.0
1287970024 35156896 129153122 0.0
1287970025 35156820 129153185 0.0
1287970026 35156744 129153240 0.0
1287970027 35156675 129153293 0.0
1287970028 35156618 129153333 0.0
1287970029 35156561 129153363 0.0
1287970030 35156518 129153385 0.0
1287970031 35156487 129153392 0.0
1287970032 35156452 129153409 0.0
1287970033 35156410 129153418 0.0
1287970034 35156365 129153432 0.0
1287970035 35156318 129153448 0.0
1287970036 35156264 129153463 0.0
1287970037 35156208 129153474 0.0
1287970038 35156154 129153485 0.0
1287970039 35156099 129153500 0.0
1287970040 35156051 129153514 0.0
1287970041 35156010 129153527 0.0
1287970042 35155970 129153538 0.0
1287970043 35155941 129153569 0.0
1287970044 35155925 129153602 0.0
1287970045 35155916 129153630 0.0
1287970046 35155916 129153666 0.0
1287970047 35155909 129153702 0.0
1287970048 35155906 129153747 0.0
1287970049 35155912 129153784 0.0
1287970050 35155927 129153814 0.0
1287970051 35156023 129153822 0.0
1287970052 35156061 129153839 0.0
1287970053 35156082 129153860 0.0
1287970054 35156103 129153859 0.0
1287970055 35156115 129153790 0.0
1287970056 35156100 129153730 0.0
1287970057 35156086 129153681 0.0
1287970058 35156085 129153646 0.0
1287970059 35156086 129153615 0.0
1287970060 35156106 129153574 0.0
1287970061 35156130 129153546 0.0
1287970062 35156165 129153518 0.0
1287970063 35156207 129153491 0.0
1287970064 35156262 129153467 0.0
1287970065 35156329 129153444 0.0
1287970066 35156403 129153418 0.0
1287970067 35156480 129153391 0.0
1287970068 35156565 129153357 0.0
1287970069 35156653 129153320 0.0
1287970070 35156739 129153276 0.0
1287970071 35156830 129153231 0.0
1287970072 35156915 129153157 0.0
1287970073 35157000 129153084 0.0
1287970074 35157091 129153019 0.0
1287970075 35157180 129152947 0.0
1287970076 35157270 129152879 0.0
1287970077 35157359 129152809 0.0
1287970078 35157447 129152741 0.0
1287970079 35157530 129152675 0.0
1287970080 35157606 129152612 0.0
1287970081 35157674 129152564 0.0
1287970082 35157746 129152513 0.0
1287970083 35157812 129152472 0.0
1287970084 35157864 129152434 0.0
1287970085 35157901 129152409 0.0
1287970086 35157918 129152402 0.0
1287970087 35157908 129152400 0.0
1287970088 35157912 129152395 0.0
1287970089 35157913 129152392 0.0
1287970090 35157918 129152389 0.0
1287970091 35157920 129152387 0.0
1287970092 35157922 129152389 0.0
1287970093 35157922 129152383 0.0
1287970094 35157922 129152383 0.0
1287970095 35157924 129152385 0.0
1287970096 35157924 129152387 0.0
1287970097 35157924 129152389 0.0
1287970098 35157925 129152390 0.0
1287970099 35157927 129152387 0.0
1287970100 35157926 129152386 0.0
1287970101 35157926 129152381 0.0
1287970102 35157925 129152380 0.0
1287970103 35157925 129152379 0.0
1287970104 35157925 129152379 0.0
1287970105 35157925 129152379 0.0
1287970106 35157925 129152379 0.0
1287970107 35157925 129152379 0.0
1287970108 35157925 129152379 0.0
1287970109 35157925 129152379 0.0
1287970110 35157925 129152379 0.0
1287970111 35157925 129152379 0.0
1287970112 35157925 129152379 0.0
1287970113 35157925 129152379 0.0
1287970114 35157925 129152379 0.0
1287970115 35157925 129152379 0.0
1287970116 35157925 129152379 0.0
1287970117 35157925 129152379 0.0
1287970118 35157925 129152379 0.0
1287970119 35157925 129152379 0.0
1287970120 35157925 129152379 0.0
1287970121 35157925 129152379 0.0
1287970122 35157925 129152379 0.0
1287970123 35157925 129152379 0.0
1287970124 35157925 129152379 0.0
1287970125 35157925 129152379 0.0
1287970126 35157925 129152379 0.0
1287970127 35157925 129152379 0.0
1287970128 35157925 129152379 0.0
1287970129 35157925 129152379 0.0
1287970130 35157925 129152379 0.0
1287970131 35157925 129152379 0.0
1287970132 35157925 129152379 0.0
1287970133 35157925 129152379 0.0
1287970134 35157925 129152379 0.0
1287970135 35157925 129152379 0.0
1287970136 35157925 129152379 0.0
1287970137 35157925 129152379 0.0
1287970138 35157925 129152379 0.0
1287970139 35157925 129152379 0.0
1287970140 35157925 129152379 0.0
1287970141 35157925 129152379 0.0
1287970142 35157925 129152379 0.0
1287970143 35157925 129152379 0.0
1287970144 35157925 129152379 0.0
1287970145 35157925 129152379 0.0
1287970146 35157925 129152379 0.0
1287970147 35157925 129152379 0.0
1287970148 35157925 129152379 0.0
1287970149 35157925 129152379 0.0
1287970150 35157925 129152379 0.0
1287970151 35157925 129152379 0.0
1287970152 35157925 129152379 0.0
1287970153 35157925 129152379 0.0
1287970154 35157936 129152373 0.0
1287970155 35157950 129152350 0.0
1287970156 35157974 129152329 0.0
1287970157 35158008 129152293 0.0
1287970158 35158056 129152249 0.0
1287970159 35158123 129152194 0.0
1287970160 35158200 129152127 0.0
1287970161 35158281 129152058 0.0
1287970162 35158367 129151986 0.0
1287970163 35158458 129151901 0.0
1287970164 35158552 129151813 0.0
1287970165 35158649 129151729 0.0
1287970166 35158746 129151641 0.0
1287970167 35158843 129151542 0.0
1287970168 35158934 129151440 0.0
1287970169 35159022 129151335 0.0
1287970170 35159098 129151220 0.0
1287970171 35159173 129151112 0.0
1287970172 35159246 129151001 0.0
1287970173 35159315 129150885 0.0
1287970174 35159374 129150744 0.0
1287970175 35159434 129150637 0.0
1287970176 35159507 129150532 0.0
1287970177 35159571 129150423 0.0
1287970178 35159630 129150312 0.0
1287970179 35159708 129150187 0.0
1287970180 35159778 129150062 0.0
1287970181 35159850 129149938 0.0
1287970182 35159922 129149815 0.0
1287970183 35159993 129149698 0.0
1287970184 35160060 129149583 0.0
1287970185 35160121 129149468 0.0
1287970186 35160177 129149368 0.0
1287970187 35160235 129149277 0.0
1287970188 35160288 129149210 0.0
1287970189 35160339 129149161 0.0
1287970190 35160384 129149138 0.0
1287970191 35160397 129149126 0.0
1287970192 35160409 129149119 0.0
1287970193 35160410 129149120 0.0
1287970194 35160408 129149122 0.0
1287970195 35160407 129149123 0.0
1287970196 35160407 129149121 0.0
1287970197 35160403 129149123 0.0
1287970198 35160399 129149126 0.0
1287970199 35160403 129149132 0.0
1287970200 35160408 129149136 0.0
1287970201 35160409 129149138 0.0
1287970202 35160414 129149137 0.0
1287970203 35160417 129149138 0.0
1287970204 35160420 129149139 0.0
1287970205 35160425 129149141 0.0
1287970206 35160432 129149145 0.0
1287970207 35160431 129149149 0.0
1287970208 35160440 129149149 0.0
1287970209 35160447 129149150 0.0
1287970210 35160450 129149149 0.0
1287970211 35160451 129149153 0.0
1287970212 35160460 129149154 0.0
1287970213 35160471 129149157 0.0
1287970214 35160472 129149158 0.0
1287970215 35160478 129149159 0.0
1287970216 35160493 129149162 0.0
1287970217 35160494 129149163 0.0
1287970218 35160468 129149149 0.0
1287970219 35160465 129149148 0.0
1287970220 35160443 129149147 0.0
1287970221 35160399 129149145 0.0
1287970222 35160405 129149147 0.0
1287970223 35160401 129149149 0.0
1287970224 35160395 129149145 0.0
1287970225 35160386 129149137 0.0
1287970226 35160405 129149143 0.0
1287970227 35160399 129149141 0.0
1287970228 35160415 129149146 0.0
1287970229 35160416 129149146 0.0
1287970230 35160408 129149145 0.0
1287970231 35160410 129149147 0.0
1287970232 35160409 129149152 0.0
1287970233 35160414 129149153 0.0
1287970234 35160414 129149151 0.0
1287970235 35160414 129149150 0.0
1287970236 35160423 129149153 0.0
1287970237 35160430 129149156 0.0
1287970238 35160436 129149163 0.0
1287970239 35160428 129149160 0.0
1287970240 35160430 129149162 0.0
1287970241 35160438 129149167 0.0
1287970242 35160438 129149167 0.0
1287970243 35160436 129149169 0.0
1287970244 35160442 129149169 0.0
1287970245 35160444 129149168 0.0
1287970246 35160447 129149167 0.0
1287970247 35160455 129149168 0.0
1287970248 35160459 129149169 0.0
1287970249 35160463 129149169 0.0
1287970250 35160710 129149169 0.0
1287970251 35160771 129149145 0.0
1287970252 35160825 129149100 0.0
1287970253 35160886 129149037 0.0
1287970254 35160946 129148950 0.0
1287970255 35160998 129148853 0.0
1287970256 35161060 129148758 0.0
1287970257 35161120 129148653 0.0
1287970258 35161172 129148528 0.0
1287970259 35161221 129148381 0.0
1287970260 35161282 129148248 0.0
1287970261 35161339 129148116 0.0
1287970262 35161400 129147988 0.0
1287970263 35161457 129147867 0.0
1287970264 35161511 129147759 0.0
1287970265 35161559 129147665 0.0
1287970266 35161596 129147580 0.0
1287970267 35161632 129147500 0.0
1287970268 35161667 129147428 0.0
1287970269 35161701 129147359 0.0
1287970270 35161733 129147297 0.0
1287970271 35161763 129147239 0.0
1287970272 35161781 129147213 0.0
1287970273 35161810 129147175 0.0
1287970274 35161821 129147144 0.0
1287970275 35161841 129147129 0.0
1287970276 35161858 129147116 0.0
1287970277 35161869 129147101 0.0
1287970278 35161905 129147066 0.0
1287970279 35161932 129147011 0.0
1287970280 35161968 129146970 0.0
1287970281 35161991 129146881 0.0
1287970282 35162033 129146805 0.0
1287970283 35162072 129146719 0.0
1287970284 35162117 129146623 0.0
1287970285 35162164 129146530 0.0
1287970286 35162212 129146436 0.0
1287970287 35162259 129146345 0.0
1287970288 35162308 129146259 0.0
1287970289 35162361 129146156 0.0
1287970290 35162416 129146057 0.0
1287970291 35162477 129145953 0.0
1287970292 35162532 129145846 0.0
1287970293 35162584 129145738 0.0
1287970294 35162638 129145636 0.0
1287970295 35162694 129145527 0.0
1287970296 35162752 129145426 0.0
1287970297 35162813 129145322 0.0
1287970298 35162870 129145216 0.0
1287970299 35162934 129145111 0.0
1287970300 35162998 129145008 0.0
1287970301 35163060 129144889 0.0
1287970302 35163122 129144778 0.0
1287970303 35163182 129144660 0.0
1287970304 35163256 129144542 0.0
1287970305 35163321 129144418 0.0
1287970306 35163389 129144300 0.0
1287970307 35163450 129144170 0.0
1287970308 35163507 129144042 0.0
1287970309 35163567 129143922 0.0
1287970310 35163631 129143796 0.0
1287970311 35163702 129143672 0.0
1287970312 35163784 129143542 0.0
1287970313 35163865 129143388 0.0
1287970314 35163950 129143243 0.0
1287970315 35164053 129143094 0.0
1287970316 35164161 129142938 0.0
1287970317 35164270 129142793 0.0
1287970318 35164389 129142675 0.0
1287970319 35164509 129142546 0.0
1287970320 35164632 129142422 0.0
1287970321 35164756 129142304 0.0
1287970322 35164886 129142181 0.0
1287970323 35165024 129142061 0.0
1287970324 35165164 129141955 0.0
1287970325 35165294 129141854 0.0
1287970326 35165435 129141757 0.0
1287970327 35165572 129141668 0.0
1287970328 35165706 129141576 0.0
1287970329 35165835 129141502 0.0
1287970330 35165960 129141431 0.0
1287970331 35166085 129141351 0.0
1287970332 35166202 129141285 0.0
1287970333 35166313 129141214 0.0
1287970334 35166419 129141139 0.0
1287970335 35166522 129141059 0.0
1287970336 35166621 129140981 0.0
1287970337 35166711 129140907 0.0
1287970338 35166807 129140830 0.0
1287970339 35166896 129140753 0.0
1287970340 35166989 129140685 0.0
1287970341 35167077 129140621 0.0
1287970342 35167175 129140553 0.0
1287970343 35167267 129140486 0.0
1287970344 35167361 129140404 0.0
1287970345 35167462 129140329 0.0
1287970346 35167563 129140249 0.0
1287970347 35167667 129140166 0.0
1287970348 35167766 129140075 0.0
1287970349 35167863 129139974 0.0
1287970350 35167957 129139890 0.0
1287970351 35168049 129139809 0.0
1287970352 35168133 129139711 0.0
1287970353 35168220 129139613 0.0
1287970354 35168291 129139520 0.0
1287970355 35168359 129139431 0.0
1287970356 35168424 129139347 0.0
1287970357 35168481 129139266 0.0
1287970358 35168539 129139189 0.0
1287970359 35168601 129139104 0.0
1287970360 35168662 129139024 0.0
1287970361 35168721 129138948 0.0
1287970362 35168769 129138893 0.0
1287970363 35168815 129138837 0.0
1287970364 35168851 129138796 0.0
1287970365 35168878 129138753 0.0
1287970366 35168898 129138714 0.0
1287970367 35168912 129138670 0.0
1287970368 35168908 129138617 0.0
1287970369 35168890 129138561 0.0
1287970370 35168854 129138514 0.0
1287970371 35168815 129138456 0.0
1287970372 35168762 129138400 0.0
1287970373 35168708 129138350 0.0
1287970374 35168661 129138293 0.0
1287970375 35168612 129138246 0.0
1287970376 35168570 129138179 0.0
1287970377 35168518 129138111 0.0
1287970378 35168465 129138014 0.0
1287970379 35168405 129137914 0.0
1287970380 35168348 129137805 0.0
1287970381 35168289 129137693 0.0
1287970382 35168230 129137586 0.0
1287970383 35168175 129137482 0.0
1287970384 35168119 129137374 0.0
1287970385 35168061 129137263 0.0
1287970386 35168003 129137148 0.0
1287970387 35167941 129137030 0.0
1287970388 35167881 129136915 0.0
1287970389 35167820 129136800 0.0
1287970390 35167760 129136686 0.0
1287970391 35167698 129136573 0.0
1287970392 35167645 129136467 0.0
1287970393 35167592 129136363 0.0
1287970394 35167545 129136263 0.0
1287970395 35167500 129136173 0.0
1287970396 35167463 129136095 0.0
1287970397 35167443 129136042 0.0
1287970398 35167428 129136003 0.0
1287970399 35167414 129135974 0.0
1287970400 35167383 129135961 0.0
1287970401 35167370 129135926 0.0
1287970402 35167350 129135886 0.0
1287970403 35167328 129135844 0.0
1287970404 35167313 129135789 0.0
1287970405 35167286 129135734 0.0
1287970406 35167252 129135677 0.0
1287970407 35167198 129135579 0.0
1287970408 35167148 129135482 0.0
1287970409 35167102 129135389 0.0
1287970410 35167051 129135296 0.0
1287970411 35166995 129135191 0.0
1287970412 35166936 129135082 0.0
1287970413 35166878 129134972 0.0
1287970414 35166821 129134872 0.0
1287970415 35166778 129134770 0.0
1287970416 35166734 129134671 0.0
1287970417 35166697 129134575 0.0
1287970418 35166684 129134479 0.0
1287970419 35166709 129134393 0.0
1287970420 35166739 129134334 0.0
1287970421 35166780 129134271 0.0
1287970422 35166821 129134201 0.0
1287970423 35166864 129134132 0.0
1287970424 35166921 129134059 0.0
1287970425 35167060 129134014 0.0
1287970426 35167150 129133947 0.0
1287970427 35167231 129133882 0.0
1287970428 35167311 129133826 0.0
1287970429 35167389 129133771 0.0
1287970430 35167467 129133727 0.0
1287970431 35167529 129133686 0.0
1287970432 35167592 129133649 0.0
1287970433 35167649 129133616 0.0
1287970434 35167696 129133608 0.0
1287970435 35167742 129133612 0.0
1287970436 35167773 129133628 0.0
1287970437 35167797 129133647 0.0
1287970438 35167827 129133667 0.0
1287970439 35167846 129133693 0.0
1287970440 35167852 129133710 0.0
1287970441 35167885 129133716 0.0
1287970442 35167893 129133736 0.0
